Fator de regularizacao: 0.1
0.38552874716224067
0.38552874716224067
0.38552874716224067
0.38552874716224067
0.38552874716224067
0.38552874716224067
0.38552874716224067
0.38552874716224067
0.38552874716224067
0.38552874716224067
0.38552874716224067
0.38552874716224067
0.38552874716224067
0.38552874716224067
0.38552874716224067
0.38552874716224067
0.38552874716224067
0.38552874716224067
0.38552874716224067
0.38552874716224067
0.38552874716224067
0.38552874716224067
0.38552874716224067
0.38552874716224067
0.38552874716224067
0.38552874716224067
0.38552874716224067
0.38552874716224067
0.38552874716224067
0.38552874716224067
0.38552874716224067
0.38552874716224067
0.38552874716224067
0.38552874716224067
0.38552874716224067
0.38552874716224067
0.38552874716224067
0.38552874716224067
0.38552874716224067
0.38552874716224067
0.38552874716224067
0.38552874716224067
0.38552874716224067
0.38552874716224067
0.38552874716224067
0.38552874716224067
0.38552874716224067
0.38552874716224067
0.38552874716224067
0.38552874716224067
0.38552874716224067
0.38552874716224067
0.38552874716224067
0.38552874716224067
0.38552874716224067
0.38552874716224067
0.38552874716224067
0.38552874716224067
0.38552874716224067
0.38552874716224067
0.38552874716224067
0.38552874716224067
0.4143529098297682
0.4668420566741084
0.5801508699954306
0.6571918819871545
0.6773784917777823
0.695145606027959
0.7127272113222639
0.7337360731031618
0.7676050630453224
0.806852364321706
0.7978712755449366
0.8400297414152117
0.8291505138884719
0.8418439243256269
0.882193511022588
0.876831910905884
0.8892805702592768
0.9260743315530799
0.8919537841415421
0.9105853795503634
0.9303625685694723
0.9349261831791041
0.8723625799915332
0.9183677856406469
0.9088863707028395
0.8218158513613147
0.9294537235305628
0.9394636465353026
0.9425693146678125
0.9203541890245056
0.9379593673277885
0.9360093023594045
0.9327128097070329
0.9482033863079131
0.9347253128627347
0.9339274119859216
0.9402668120518328
0.9097835472157598
0.9321091891917022
0.9323035988540195
0.9447694116136711
0.9340276613309438
0.9534418429960084
0.9315203689055969
0.9448582751946037
0.9649961595867543
0.926871023049981
0.9164887699096994
0.9167601411616417
0.9524484738299538
0.958389742804181
0.9528100046315139
0.9099556463262759
0.9301665616461239
0.8351305046063431
0.9394110772172983
0.9688637248834262
0.9430606376256513
0.9366236271171212
0.9303666363322666
0.9476304533592416
0.9507422824207442
0.9173555541633096
0.9428647222671312
0.9237990480892844
0.9564142881925083
0.9269617974983412
0.9398425118183503
0.9404611193411601
0.8487976068059584
0.9366600623179572
0.9265109904459751
0.9591109596064993
0.9466544028355365
0.8950144182900266
0.9455461573342394
0.8950429391688081
0.9419217522682889
0.8722437430639293
0.9193266508008691
0.964588700636844
0.9544461666683404
0.9355669254338318
0.952232384901899
0.9235740466290568
0.8576867417840173
0.9421837165705009
0.9501348067583317
0.8974654932921944
0.9627778308615091
0.9419538496897892
0.922139895955096
0.9587163479376271
0.9217430619536897
0.9422300489359993
0.9307951086678976
0.9510322640226206
0.9021021482492919
0.9499239780326837
0.9463438376573944
0.9365314284247737
0.9320934028733477
0.916694450579605
0.9152257541057948
0.9593602891443137
0.917092684318573
0.9381014475290792
0.9371033320849472
0.8574325681581566
0.9544110113765184
0.9364226129030057
0.958105655631696
0.9338687459601438
0.9307702077117928
0.950421314536462
0.9305188962178692
0.9366368251287713
0.9457533724717304
0.9492521708332922
0.948234371640605
0.9503693048451431
0.9427945907981762
0.9489161893327538
0.9627264435340562
0.9349657987802431
0.9560799069327723
0.9161912131066501
0.9244907258453162
0.9364045353102544
0.952074721514036
0.9406088790343631
0.9264728988902942
0.9033162450626488
0.9425933021503651
0.9589905531073128
0.9342212777957368
0.9591980104713764
0.9544079168631525
0.950474061605728
0.8837235512711688
0.9401743943402515
0.9525215383554448
0.9025640530777755
0.9169677570454141
0.9476744380032865
0.9511763580102508
0.9432312820944826
0.9212191619683663
0.9450130301517049
0.8951532964339709
0.9505769290198092
0.9275760633868785
0.9489016370711795
0.8657764151610403
0.9280403827668022
0.9426503844763822
0.943930015041645
0.9074978282400423
0.9442740972171284
0.9560453049874209
0.9441371193775272
0.9304569802911331
0.9539859189931136
0.9410840513480949
0.9613282147068638
0.9413060032270557
0.9547660707431976
0.9589381260821902
0.9297795132934452
0.8972703167185824
0.9072223697626125
0.9528364200768278
0.9486546573941425
0.9527692901822888
0.958918032971981
0.9090329679564
0.9419692291183056
0.9270277774385505
0.9421756945338858
0.9256416887482718
0.9298051998717632
0.9387941535871575
0.9031782078906598
0.9151516129790218
0.9481469832624544
0.9484543033145474
0.9289775027750287
0.9399290495707134
0.9357946069529337
0.955221466022925
0.9442766470396817
0.9468885618658117
0.9556705549454081
0.9524019230122545
0.949084662464703
0.92146332299244
0.8705004958461666
0.9408071793174072
0.9421745801791129
0.8839448675132016
0.9470353063509727
0.9428020038831253
0.8978644664473509
0.9260066792092531
0.9557851559523712
0.9485654655477418
0.8942011435971622
0.9438331817541592
0.9649432725763191
0.9554098912517505
0.9537860048824498
0.8951504940422457
0.9520816142334088
0.9262519876509983
0.9690788871435574
0.9369608227328088
0.9584379254137637
0.9506382121037193
0.9393997833735341
0.9435250235514406
0.9147049358343586
0.9297337000553677
0.9446924510037522
0.9651509521205671
0.9371158009563082
0.9506248238652315
0.9373934819972304
0.9530470183869125
0.9612786468711217
0.9496286138887584
0.9322454257714557
0.956183777791195
0.9537869797744729
0.9466994429558353
0.9075190206682722
0.9386670230069173
0.9670473563513285
0.9312622336145034
0.9240699014927568
0.9012354862910396
0.9546679283360312
0.9250826415686049
0.940019351454336
0.9607821664867929
0.8456306657081383
0.9058583723575413
0.9548796624306848
0.928946777201961
0.9645865069319317
0.9286480820026725
0.9202934423322434
0.940067757525334
0.949075040635603
0.8909787433311427
0.9628112665846323
0.9350531031320507
0.9441554218775678
0.9122562230764091
0.9512563683090477
0.9210871770513769
0.9440255957285922
0.9576065118679553
0.9529478423687717
0.9309260223383582
0.9510549811178487
0.9253699075007221
0.9552077493267863
0.9405811506658377
0.921419430363932
0.9512606082845899
0.9411873465594697
0.9197896427311312
0.9473564236663135
0.9364406645128465
0.9204138787348833
0.9348072884914991
0.9482623307922401
0.9485309959601305
0.9414524575232479
0.933398452239155
0.9488201339370445
0.9232063908511373
0.9610858999271106
0.9483285054635268
0.93440265698353
0.924859400632703
0.9130760941756474
0.9281149735448624
0.947505942812041
0.9475031593648628
0.9368551339338668
0.935098316782575
0.9541141377602151
0.9282281700977879
0.946941961691166
0.9445888393223901
0.9551414157238056
0.9141780261320684
0.8924216482383234
0.9462001046313653
0.9449887894397433
0.9340759320350214
0.9538926391550326
0.954558133096811
0.9380174213104606
0.9537498333994765
0.9332653275742523
0.9595471327071815
0.9117815044274661
0.9207431828578647
0.9376569961131175
0.9304662813588074
0.9402525073430524
0.9408759891390239
0.8929666566417014
0.9212524878994621
0.9504882356314621
0.9358589426806031
0.9507697542715847
0.9174587750664168
0.9475415672949502
0.9402090622945488
0.9575261611109864
0.9368756280506811
0.9254092194399866
0.9387437684578603
0.941967997756584
0.9209375780436352
0.9507852923939982
0.9062919742085386
0.9303363559095266
0.9474135657534951
0.9443950453415264
0.9364055208586091
0.9519428046144732
0.9504375313540958
0.8770590131424119
0.9416245211618641
0.9506735527444462
0.9267816115032315
0.9381284211555474
0.9444036950855716
0.9552128992048455
0.9042682481287168
0.943189135806781
0.9456738601028218
0.952376734307995
0.9403203743283367
0.9505769290198092
0.9468037792282109
0.9386837070808225
0.9580258953715661
0.9378507557132771
0.9533092821986575
0.9059414849495667
0.9504950156731258
0.962741582588119
0.9551573380276277
0.947515977683193
0.9017016434778009
0.9555136723416233
0.9526444029707664
0.9225412617356801
0.9316069074121156
0.9368820999076515
0.944173748474943
0.9524438351842427
0.9589077672963786
0.9388964183942073
0.9525087569378915
0.9253747220750583
0.9543504230745222
0.9094398294370094
0.9488903441316179
0.9465177152696194
0.8764693432022206
0.9569192758862226
0.9309815710686736
0.9317101457459053
0.9450265821112491
0.9589587991610256
0.9481962586588402
0.9449965288328575
0.9366822715024924
0.9464730470015169
0.9097116361320994
0.9253946000591686
0.9485946807297022
0.9541907158161944
0.9188664818197629
0.9523739473281513
0.9272057893695621
0.9264348662879819
0.9538897519137688
0.9356387000106299
0.9363090346269782
0.9467558192214497
0.918575178382914
0.9632812477709829
0.9263617709867841
0.9406718666754521
0.914582168014231
0.9368594874830126
0.9518649847581573
0.9449775019042942
0.9410851127291769
0.9266298375048374
0.9265396188859343
0.924538626045049
0.9360755592574357
0.9611606422897641
0.9601786639740084
0.9492063629993271
0.9566457676309763
0.9411538593298928
0.9233377258195652
0.94424103908671
0.9118515111988037
0.9151065687084337
0.950873236947696
0.9081407448352297
0.9161191778581939
0.8702393268628519
0.9585883148879966
0.9280332798534372
0.9490936204675748
0.9464595624368402
0.9153479714488132
0.9256729460895103
0.9400390466398216
0.9452345875897301
0.94918939449713
0.9305259789996633
0.9178173934633552
0.9524862991316517
0.9304106914004617
0.9343478706029744
0.9092851950827209
Fator de regularizacao: 0.2
0.38552874716224067
0.38552874716224067
0.38552874716224067
0.38552874716224067
0.38552874716224067
0.38552874716224067
0.38552874716224067
0.38552874716224067
0.38552874716224067
0.38552874716224067
0.38552874716224067
0.38552874716224067
0.38552874716224067
0.38552874716224067
0.38552874716224067
0.38552874716224067
0.38552874716224067
0.38552874716224067
0.38552874716224067
0.38552874716224067
0.38552874716224067
0.38552874716224067
0.38552874716224067
0.38552874716224067
0.38552874716224067
0.38552874716224067
0.38552874716224067
0.38552874716224067
0.38552874716224067
0.38552874716224067
0.38552874716224067
0.38552874716224067
0.38552874716224067
0.38552874716224067
0.38552874716224067
0.38552874716224067
0.38552874716224067
0.38552874716224067
0.38552874716224067
0.38552874716224067
0.38552874716224067
0.38552874716224067
0.38552874716224067
0.38552874716224067
0.38552874716224067
0.38552874716224067
0.38552874716224067
0.38552874716224067
0.38552874716224067
0.38552874716224067
0.38552874716224067
0.38552874716224067
0.38552874716224067
0.39049495907094905
0.41987906903755434
0.4497408919565341
0.5019139943369424
0.5851997455384922
0.6204042921435777
0.7137764338863496
0.7079754793915924
0.7328710499279858
0.7107084307492204
0.7622675000161613
0.7462220526878636
0.7261617602656911
0.7429718830976855
0.7482535849641113
0.7417259838312471
0.7647269856743542
0.7666177242405832
0.7767995841278589
0.7532415146356868
0.7602676952070098
0.7641669686252904
0.7824577377493657
0.7623576906619269
0.753670002423774
0.7602188240872453
0.7722617330900079
0.780437737937738
0.7783827477694307
0.7618504906392982
0.7659705407988157
0.764326358444107
0.782436331562134
0.780536964812608
0.7762862699280569
0.7824631976656702
0.7903285785025241
0.7685168631632047
0.7743641313641314
0.7829009108571421
0.7865874481181954
0.7799138126096428
0.7685509186160355
0.7766554448338787
0.765664806603455
0.7703131500009263
0.7763038590202284
0.7905404748161181
0.7846943209699642
0.772525734465049
0.7826402780577082
0.7843259900423594
0.7925906526798081
0.766403137763505
0.7723878677095002
0.7904520430001865
0.772436281711925
0.7624946992257648
0.7686525939626069
0.7786107319595459
0.7679974833248924
0.7600881373249795
0.7665048131100762
0.7782472650862937
0.7807689110422771
0.800277334642707
0.7785309663168176
0.7701857558209004
0.7803948730482796
0.772677646558553
0.7943033653332469
0.7661187559644269
0.7744327010058718
0.7725725439739894
0.7660586612020592
0.7861135121616556
0.7866411996010534
0.7681031173721182
0.7721381233865852
0.7824215463403881
0.784652366553812
0.7747248374009941
0.7805886093576102
0.7664198538591684
0.7864086575094325
0.7687576965471703
0.7805848596580305
0.7703965667980123
0.7843477791934502
0.7706828440637505
0.7863468997167603
0.7762911478210294
0.7745743174610006
0.7826906503931228
0.7684684368551199
0.7981241298997731
0.7743995499521816
0.7702118905335229
0.770198360953465
0.7760685268968016
0.7803965752182076
0.7823085215029402
0.7768272008980944
0.7843883161639594
0.7744957653824484
0.7745504213720539
0.7886360311141468
0.7862410268944335
0.7807950457548996
0.7723363437172501
0.7764588989887805
0.7678407837794322
0.7667935222672065
0.7826851904768184
0.7765507870609951
0.7847926937926939
0.7803014236881067
0.7821650329012089
0.7663408116419049
0.7663112496912904
0.7685302438197177
0.7682524212559869
0.7805624746449877
0.7662185358443383
0.7726698447407383
0.7759791993059422
0.7766170148012255
0.7707229370913582
0.7906614494120653
0.7843039746899916
0.7846725318188733
0.7624698070956095
0.7844101053150503
0.7845841000029417
0.7865103328560039
0.7906732975563582
0.7746004521736229
0.7662940764782871
0.7785400263616589
0.7747829924819657
0.7779813072181494
0.749616709972081
0.7901726301302066
0.754452840663367
0.7861955013979739
0.7763233053152515
0.7885737049925468
0.780579399741726
0.7865103328560039
0.7618666172459918
0.7903764733479466
0.7700718780654354
0.7662841230597663
0.7725652332610634
0.7886552150740568
0.7741350618375342
0.7741788269865626
0.7723440632060414
0.7583456796877851
0.765874134508613
0.7766830616041144
0.7666271632529658
0.7806509354792104
0.7847149957662822
0.7724980886765227
0.770578826815669
0.7884226439641451
0.7642207219049325
0.7960774738807214
0.7686743540954069
0.7865103328560038
0.7582099488883829
0.7811120676857625
0.7804500332577688
0.7845303195017929
0.7885080933537643
0.7761959111352258
0.7983758903737075
0.7642454934823357
0.7705251958855632
0.7963229854304028
0.7961629232703407
0.7666577914678043
0.7820276627234929
0.7886803930201642
0.7700058312625464
0.7905312761913251
0.7826250631776949
0.7697412077309781
0.7738488031376107
0.7801804366804367
0.7864204642237116
0.7727561696188141
0.7945975549320953
0.7726994066913528
0.7582771529029554
0.7905423727747267
0.7764002834515699
0.782789848249702
0.7865449841707866
0.7786778931172077
0.7983136741374607
0.7825760539774995
0.7722235727762043
0.7616539919377904
0.7961864432936601
0.7787247026261481
0.7762990168808638
0.7861135121616556
0.7898863528644686
0.7532610151959999
0.7619605548998696
0.7661532272964259
0.7602802920171342
0.7726959794533608
0.7802455691644109
0.7906293427725414
0.7747958845327267
0.7727793219051243
0.776536014250972
0.7766075499884565
0.7924858916290902
0.7865527677851217
0.7803729633444367
0.7767210320493069
0.7884373783311927
0.7866025019481729
0.7867887918888588
0.7824330290382923
0.782339733168008
0.7725859246305025
0.7944873339650729
0.7863124130608747
0.7637958708040261
0.7726120593431249
0.7683377500928541
0.7843676413676415
0.7864565523548549
0.7845096447054749
0.7846319948483641
0.7721402303244409
0.7742255411831177
0.7805971549780614
0.7662404165298903
0.7826457379740128
0.7787257879626301
0.7961791492272926
0.7764674446092317
0.755841817020251
0.7724620677873991
0.7943033943515377
0.7641795672321988
0.7700719070837263
0.7643417089126026
0.768620723165301
0.7848469644543818
0.7706390169811224
0.7905367971688652
0.7719981109184975
0.7786502473286813
0.7883816708531441
0.770240795882583
0.7804869340110389
0.7903042745593787
0.7602745559324507
0.7802420675810962
0.7826995184751617
0.7743062540818972
0.7766306732564756
0.7826664127703307
0.7941629519726412
0.7964343275145345
0.784410917937177
0.7767336288594313
0.7684517207594564
0.7883042745593787
0.7840990235566001
0.7560175738846626
0.7787158345441093
0.7666271632529658
0.8001208593714753
0.7944117076094913
0.7687270683323316
0.778173341357552
0.7863124130608747
0.7663908424434741
0.7705634763471735
0.7764935793218541
0.774546671672474
0.7785337828415185
0.7641954626807665
0.7723362231644979
0.7681922128866315
0.7866025019481729
0.7807743709585815
0.7720667372201439
0.7843684539897681
0.784597794628165
0.7536664650868515
0.7685168631632047
0.7700979198669208
0.7805274709815481
0.7865414802496725
0.7582146859508618
0.7866194394682534
0.7704553623180068
0.7685251997825812
0.7827474133205842
0.7725736293104715
0.7748496650338756
0.7785676721501853
0.7725518691776715
0.7661400800260969
0.8004540440268381
0.7745915840915842
0.7644952378052506
0.7901651453632808
0.7944416479897914
0.7684200228526951
0.7924893094423978
0.7862748246686391
0.7743796877779904
0.7661838555112646
0.7683060521860928
0.7746222123064228
0.7867706335462767
0.7766218051744368
0.7724060277137633
0.7703965667980124
0.7921106720616062
0.7667179816332578
0.7825978141102994
0.794611686017764
0.7662440456767179
0.7684643175695808
0.7827099910725124
0.788696866399339
0.7982648567845583
0.7714557795442688
0.7882894893376328
0.7583343606420963
0.7787257879626301
0.7580274085800403
0.7903674133031056
0.7883816708531441
0.7559028135527616
0.777991422448999
0.7903982624990376
0.7886360311141468
0.7765360142509721
0.7806291463281194
0.7724719539639001
0.7805407145121878
0.7765384917409642
0.782811637400793
0.7600901281947252
0.778667939698687
0.8039297467754178
0.7666040109666554
0.7863548770082837
0.7747479896873044
0.7884190985053283
0.7964791053840503
0.7865103328560039
0.774546671672474
0.7625083043702826
0.7725636758919506
0.7865874481181954
0.790433991125333
0.7786230272795768
0.7644280337906784
0.783995245169191
0.7783697813733472
0.7863463313878325
0.7578932346300767
0.7826457089557219
0.7844816120342437
0.7705265057100501
0.7723494376768467
0.784056383545253
0.7724196038399903
0.7803729633444366
0.7925298464129069
0.7763094222143672
0.7868130684753947
0.7905143401034956
0.7782331775774372
0.7737717401700428
0.7767210320493069
0.7766524333892756
0.7705481986008303
0.7883816708531441
0.7846736461736462
0.7724926287602181
0.7804632892001314
0.7704379776338077
0.7885080933537644
0.786539553272773
0.7883609960568262
0.7807195051209506
0.7885881072504335
0.774567346468792
0.764367843625225
0.758434758224232
0.778779568463779
0.7763124046406794
0.7864885437049131
0.7519425418051864
0.7759717195016009
0.7806509354792104
0.7726806289848652
0.784571970827075
0.788549409597553
0.7846157688914122
0.8020721257065837
0.7725148047721861
0.7678031681636368
0.7762631151497982
0.7864086575094326
0.7762438349989391
0.7746517742570375
0.7640900351426667
0.7725943041067895
0.7828062065027793
0.7665351022902064
0.7746690218153633
0.7759914116346102
0.7592255976305425
0.7904343676368402
0.7805886093576102
0.7846736461736462
0.7766554448338787
0.7804105178886335
0.7782924179948905
0.7685904339851709
0.7684151878166334
0.7619139418985795
0.7722512639135901
0.7963605229679404
0.7803237279429643
0.7621200042252674
0.7743240765602526
0.7944311807965532
0.7805886093576102
0.7825572771397903
0.7982929993411428
0.786433061033836
Fator de regularizacao: 0.30000000000000004
0.38552874716224067
0.38552874716224067
0.38552874716224067
0.38552874716224067
0.38552874716224067
0.38552874716224067
0.38552874716224067
0.38552874716224067
0.38552874716224067
0.38552874716224067
0.38552874716224067
0.38552874716224067
0.38552874716224067
0.38552874716224067
0.38552874716224067
0.38552874716224067
0.38552874716224067
0.38552874716224067
0.38552874716224067
0.38552874716224067
0.38552874716224067
0.38552874716224067
0.38552874716224067
0.38552874716224067
0.38552874716224067
0.38552874716224067
0.38552874716224067
0.38552874716224067
0.38552874716224067
0.38552874716224067
0.38552874716224067
0.38552874716224067
0.38552874716224067
0.38552874716224067
0.38552874716224067
0.38552874716224067
0.38552874716224067
0.38552874716224067
0.38552874716224067
0.38552874716224067
0.38552874716224067
0.38552874716224067
0.38552874716224067
0.38552874716224067
0.38552874716224067
0.38552874716224067
0.38552874716224067
0.38552874716224067
0.38552874716224067
0.38552874716224067
0.38552874716224067
0.38552874716224067
0.38552874716224067
0.38552874716224067
0.38552874716224067
0.38552874716224067
0.38552874716224067
0.38552874716224067
0.38552874716224067
0.38552874716224067
0.38552874716224067
0.39049495907094905
0.38552874716224067
0.44486621948684457
0.45399991974501497
0.5406800971744457
0.6119817949805035
0.6445337434477107
0.708108774950756
0.7221907632413963
0.7167785162646922
0.7166180959407084
0.7345811237135844
0.7325919216650925
0.7437715995604071
0.7479689608636978
0.7428229861250594
0.7415838644253036
0.7605537501795526
0.7384221052109128
0.7499694994431838
0.7434421924824403
0.7412369629738051
0.7475828760764334
0.7703008546808954
0.7584481817376555
0.7602693120061541
0.7543694982116035
0.7599320049166425
0.7433588500306767
0.7624205200966768
0.7724501938311003
0.7727736636282543
0.7924893094423978
0.7661083148773157
0.7646309686046528
0.7519522357723578
0.7787040278298303
0.7827212786079617
0.7478084051761601
0.7634221733776971
0.7474763921599366
0.7552999838081391
0.7496319931985568
0.7727082747733918
0.7740850310359653
0.740908736237011
0.7598102940653981
0.7743311462120526
0.7615765542140113
0.7846144057561928
0.7521917811917813
0.7575629237772153
0.7662357090573415
0.758434758224232
0.7522519713572347
0.7580875987454936
0.7543254464833413
0.7687359364143704
0.7583207875576298
0.7901721438885131
0.770557066682869
0.7552341411340547
0.7722512639135901
0.7521851844162499
0.7805886093576102
0.7740090690382844
0.7682007767109849
0.7705032861817201
0.7724951062502103
0.7518157728677384
0.7660911774179203
0.7828159829623245
0.7704347165399797
0.7646572528883185
0.7282798529633974
0.7413625730994153
0.7562722045616784
0.757695034235282
0.7664198538591684
0.7782705959284908
0.7514226182969175
0.7598201702061871
0.7518068110057842
0.780585626931298
0.7738842031598464
0.7539168190747139
0.7405108635634953
0.7823954116277656
0.788673458766331
0.7517882766502549
0.772294466190691
0.742944921681764
0.7518100367830549
0.7625300645030826
0.770578826815669
0.7515897523340835
0.7603173564226197
0.7904520139818955
0.7606709255656625
0.770210524906355
0.7569027682295111
0.7862310201651803
0.764042558668361
0.7657664819500264
0.7576900813145513
0.7540343270782387
0.7599212463416329
0.7626240203608626
0.7681789875598939
0.7740727357159343
0.7501872499240921
0.7687063744637558
0.7597507541250532
0.7877068741051767
0.7475156720618609
0.7686111087814889
0.7600507116559749
0.784571970827075
0.7922123474081776
0.760156856537763
0.7534102838979001
0.7583207875576298
0.778399920982434
0.7901563955020665
0.772621673726937
0.7680480917965535
0.7617571947690138
0.7494779227140986
0.7845303195017929
0.7707613671240117
0.7658355857179387
0.7509184566546325
0.7802392966259797
0.784571970827075
0.7865874481181954
0.7676453704144064
0.780474638691008
0.7561613658924313
0.753247989477986
0.7618269993182794
0.7722108198542179
0.7763038590202284
0.776485033701403
0.7659010054835186
0.7515378315459869
0.7885987161715102
0.7703631808024954
0.7500847478742216
0.7452763173564729
0.7603187220497876
0.7643807567221959
0.7449953266138556
0.7453403201284614
0.7681448892501525
0.7684601002357434
0.7866891234647667
0.758168407904584
0.7602802920171342
0.7518068110057842
0.7701572635622085
0.7766761196301968
0.7647680915575654
0.7720187857148154
0.7785569061095379
0.7624614276193225
0.7706172568483224
0.7626182842761791
0.7638407832231362
0.7662883403936036
0.7787489402489404
0.754155162022917
0.7646541208909632
0.7662404455481813
0.7748047526147656
0.7675948029947166
0.759017595229834
0.766709113551219
0.7539853887164543
0.761589234600188
0.7510324066837605
0.7664228362854807
0.7643288359340992
0.7687897169155193
0.7506821864817693
0.7602272511476377
0.7600397459017242
0.7823529476803568
0.7424963012162705
0.7743764266841623
0.7783881368473244
0.782478754079529
0.7803014236881067
0.7825524421037284
0.7846636637368345
0.7583430791530921
0.7413251499436788
0.7603859260643601
0.7521312032364664
0.760915503441055
0.7664766167866297
0.7498505323235504
0.7786230272795768
0.7786023524832589
0.7643935624586794
0.7581850567582276
0.7415589722951482
0.7703758920016944
0.7744192774924483
0.7844307510930772
0.7593886441402489
0.7786561329844078
0.7665822508338556
0.7587097170458238
0.7787247026261481
0.7922828440268175
0.7745743174610006
0.77055533549465
0.778667939698687
0.7721204900796776
0.7664949269335753
0.7624685645131424
0.7564661256240205
0.7905529983832267
0.7784853993903443
0.7806726956120102
0.7880756660471394
0.7540264580184042
0.7826457379740128
0.7746606423390763
0.7848444006932146
0.7739463302219735
0.7560269965978902
0.7541098004701677
0.7846943209699642
0.7473804753886307
0.7519041117725329
0.7622506909875332
0.7667628940523679
0.745557445366792
0.778647264902369
0.7667322658375291
0.7642272706864582
0.7767847659689766
0.7576419809636485
0.7583879915722023
0.7641097626829334
0.7944534740747882
0.7602706776333221
0.7584788099524943
0.7684945715677424
0.7532678600047022
0.7647680915575654
0.7687006383790724
0.7638574223099674
0.7706858264900628
0.7541883235304289
0.7681051913946652
0.7626361661098504
0.7702742166551231
0.7767777949767681
0.780531846430149
0.7657906732988287
0.7625532167893928
0.7879612343661793
0.7579854451638791
0.7739745619526776
0.7763626835585138
0.7663542666437404
0.7807526108257816
0.7824986162537203
0.7242404089239532
0.763684935427406
0.7825355170069903
0.7765691199558031
0.7558035075403498
0.7685782882361831
0.7559593250237757
0.7618807798194281
0.7664115172397921
0.752243701979878
0.7728331024062733
0.7706858264900628
0.7767516602641457
0.7661987665812839
0.7646003403898142
0.7622393429235534
0.7785569061095379
0.7744987768270516
0.7724378985110694
0.7579412620057127
0.7637504697791643
0.7621751503535844
0.7565014236593185
0.7743600370749949
0.7681985491985494
0.7603074702461187
0.7605801071853705
0.7644952378052506
0.7583207875576298
0.7488649238101954
0.7661287344540658
0.7562198834560594
0.7449973465018921
0.7478770224020058
0.7642257242192814
0.780582336819179
0.7663443132252196
0.7680682365068849
0.7703758920016944
0.7582146859508618
0.7538855811949279
0.7721422502124776
0.7825524421037284
0.7822403716592133
0.7643591251142292
0.7882894893376328
0.7766761196301968
0.7741132726864435
0.7767309854678277
0.755737041288851
0.7667027038869145
0.7622641145009567
0.745482439534405
0.7686525939626069
0.776799555109568
0.7665232955759272
0.7597417174778934
0.7498818130602471
0.7489000717028111
0.7538721576815044
0.780557639608926
0.7681699118534563
0.7763661851418284
0.7722343388168519
0.7647374633427266
0.776185957716705
0.7635361422495681
0.7620065572003096
0.7721919038877341
0.7784714567199185
0.7619762680201795
0.7497148015241482
0.758496226154121
0.7497671898717868
0.7743176021458769
0.7497614537871035
0.7702118905335229
0.7412220001606485
0.7540124173743956
0.7725725439739894
0.7727531871925019
0.7577483261306792
0.7497148687661681
0.7904605886206376
0.7619762204360743
0.7722088289844722
0.7725467507952125
0.7787464627589482
0.7785993700569466
0.7644497939234782
0.7663212256889806
0.7706390169811224
0.776165282920387
0.7700280096691305
0.7786778931172078
0.755736340656061
0.7763059330427753
0.7592550580357136
0.780557639608926
0.7746576308944731
0.7636281196362751
0.7804607992984163
0.750663719452527
0.7719867113733944
0.7884996754345017
0.7664194842732092
0.7763534739426294
0.7825686227118214
0.7682582507582508
0.7641718483150468
0.7514831155883789
0.7557015930809674
0.7787040278298303
0.7185831794312698
0.7705151601380191
0.7705003037554079
0.7704208044208045
0.7847574597136909
0.7409446175148449
0.7643595070058484
0.7845634252066238
0.756061000370347
0.7784034225657488
0.7683793583186729
0.7620350449743596
0.7666720756720757
0.7842431338322893
0.7517331305219381
0.7599242577862361
0.7746907819481633
0.776506793834203
0.7847648175886042
0.780579549312769
0.7827474133205842
0.7825978141102995
0.7497493080381157
0.7823795686346727
0.7576023561549878
0.7846942919516733
0.7437514145408883
0.7619946009149874
0.7619728407821874
0.7518759630331917
0.7684496591486323
0.7643524931567294
0.772525734465049
0.768046447355794
0.7638743474067057
0.7666040109666554
0.7624614276193225
0.7623764683684147
0.7560826413714489
0.7686468578779234
0.7728331024062733
0.74775074830338
0.745785272310922
0.7579122807017544
0.7765452238668564
0.7741350618375343
0.7764914433657074
0.7658350515917667
0.7581702410912938
0.714903254270343
0.7727082747733917
0.7457450969542909
0.7701734605008695
0.7684714192814323
0.7767630058361766
0.7807195051209506
Fator de regularizacao: 0.4
0.38552874716224067
0.38552874716224067
0.38552874716224067
0.38552874716224067
0.38552874716224067
0.38552874716224067
0.38552874716224067
0.38552874716224067
0.38552874716224067
0.38552874716224067
0.38552874716224067
0.38552874716224067
0.38552874716224067
0.38552874716224067
0.38552874716224067
0.38552874716224067
0.38552874716224067
0.38552874716224067
0.38552874716224067
0.38552874716224067
0.38552874716224067
0.38552874716224067
0.38552874716224067
0.38552874716224067
0.38552874716224067
0.38552874716224067
0.38552874716224067
0.38552874716224067
0.38552874716224067
0.38552874716224067
0.38552874716224067
0.38552874716224067
0.38552874716224067
0.38552874716224067
0.38552874716224067
0.38552874716224067
0.38552874716224067
0.38552874716224067
0.38552874716224067
0.38552874716224067
0.38552874716224067
0.38552874716224067
0.38552874716224067
0.38552874716224067
0.38552874716224067
0.38552874716224067
0.38552874716224067
0.38552874716224067
0.38552874716224067
0.38552874716224067
0.38552874716224067
0.38552874716224067
0.38552874716224067
0.38552874716224067
0.38552874716224067
0.38552874716224067
0.38552874716224067
0.38552874716224067
0.38552874716224067
0.38552874716224067
0.38552874716224067
0.38552874716224067
0.38552874716224067
0.38552874716224067
0.38552874716224067
0.38552874716224067
0.38552874716224067
0.38552874716224067
0.38552874716224067
0.38552874716224067
0.38552874716224067
0.38552874716224067
0.38552874716224067
0.38552874716224067
0.38552874716224067
0.38552874716224067
0.38552874716224067
0.38552874716224067
0.38552874716224067
0.38552874716224067
0.38552874716224067
0.38552874716224067
0.38552874716224067
0.38552874716224067
0.38552874716224067
0.38552874716224067
0.38552874716224067
0.38552874716224067
0.38552874716224067
0.38552874716224067
0.38552874716224067
0.38552874716224067
0.38552874716224067
0.38552874716224067
0.38552874716224067
0.38552874716224067
0.38552874716224067
0.38552874716224067
0.38552874716224067
0.38552874716224067
0.38552874716224067
0.38552874716224067
0.38552874716224067
0.38552874716224067
0.38552874716224067
0.38552874716224067
0.38552874716224067
0.38552874716224067
0.38552874716224067
0.38552874716224067
0.38552874716224067
0.38552874716224067
0.38552874716224067
0.38552874716224067
0.38552874716224067
0.38552874716224067
0.38552874716224067
0.38552874716224067
0.38552874716224067
0.38552874716224067
0.38552874716224067
0.38552874716224067
0.38552874716224067
0.38552874716224067
0.38552874716224067
0.38552874716224067
0.38552874716224067
0.38552874716224067
0.38552874716224067
0.38552874716224067
0.38552874716224067
0.38552874716224067
0.38552874716224067
0.38552874716224067
0.38552874716224067
0.38552874716224067
0.38552874716224067
0.38552874716224067
0.38552874716224067
0.38552874716224067
0.38552874716224067
0.38552874716224067
0.38552874716224067
0.38552874716224067
0.38552874716224067
0.38552874716224067
0.38552874716224067
0.38552874716224067
0.38552874716224067
0.38552874716224067
0.38552874716224067
0.38552874716224067
0.38552874716224067
0.38552874716224067
0.38552874716224067
0.38552874716224067
0.38552874716224067
0.38552874716224067
0.38552874716224067
0.38552874716224067
0.38552874716224067
0.38552874716224067
0.38552874716224067
0.38552874716224067
0.38552874716224067
0.38552874716224067
0.38552874716224067
0.38552874716224067
0.38552874716224067
0.38552874716224067
0.38552874716224067
0.38552874716224067
0.38552874716224067
0.38552874716224067
0.38552874716224067
0.38552874716224067
0.38552874716224067
0.38552874716224067
0.38552874716224067
0.38552874716224067
0.38552874716224067
0.38552874716224067
0.38552874716224067
0.38552874716224067
0.38552874716224067
0.38552874716224067
0.38552874716224067
0.38552874716224067
0.38552874716224067
0.38552874716224067
0.38552874716224067
0.38552874716224067
0.38552874716224067
0.38552874716224067
0.38552874716224067
0.38552874716224067
0.38552874716224067
0.38552874716224067
0.38552874716224067
0.38552874716224067
0.38552874716224067
0.38552874716224067
0.38552874716224067
0.38552874716224067
0.38552874716224067
0.38552874716224067
0.38552874716224067
0.38552874716224067
0.38552874716224067
0.38552874716224067
0.38552874716224067
0.38552874716224067
0.38552874716224067
0.38552874716224067
0.38552874716224067
0.38552874716224067
0.38552874716224067
0.38552874716224067
0.38552874716224067
0.38552874716224067
0.38552874716224067
0.38552874716224067
0.38552874716224067
0.38552874716224067
0.38552874716224067
0.38552874716224067
0.38552874716224067
0.38552874716224067
0.38552874716224067
0.38552874716224067
0.38552874716224067
0.38552874716224067
0.38552874716224067
0.38552874716224067
0.38552874716224067
0.38552874716224067
0.38552874716224067
0.38552874716224067
0.38552874716224067
0.38552874716224067
0.38552874716224067
0.38552874716224067
0.38552874716224067
0.38552874716224067
0.38552874716224067
0.38552874716224067
0.38552874716224067
0.38552874716224067
0.38552874716224067
0.38552874716224067
0.38552874716224067
0.38552874716224067
0.38552874716224067
0.38552874716224067
0.38552874716224067
0.38552874716224067
0.38552874716224067
0.38552874716224067
0.38552874716224067
0.38552874716224067
0.38552874716224067
0.38552874716224067
0.38552874716224067
0.38552874716224067
0.38552874716224067
0.38552874716224067
0.38552874716224067
0.38552874716224067
0.38552874716224067
0.38552874716224067
0.38552874716224067
0.38552874716224067
0.38552874716224067
0.38552874716224067
0.38552874716224067
0.38552874716224067
0.38552874716224067
0.38552874716224067
0.38552874716224067
0.38552874716224067
0.38552874716224067
0.38552874716224067
0.38552874716224067
0.38552874716224067
0.38552874716224067
0.38552874716224067
0.38552874716224067
0.38552874716224067
0.38552874716224067
0.38552874716224067
0.38552874716224067
0.38552874716224067
0.38552874716224067
0.38552874716224067
0.38552874716224067
0.38552874716224067
0.38552874716224067
0.38552874716224067
0.38552874716224067
0.38552874716224067
0.38552874716224067
0.38552874716224067
0.38552874716224067
0.38552874716224067
0.38552874716224067
0.38552874716224067
0.38552874716224067
0.38552874716224067
0.38552874716224067
0.38552874716224067
0.38552874716224067
0.38552874716224067
0.38552874716224067
0.38552874716224067
0.38552874716224067
0.38552874716224067
0.38552874716224067
0.38552874716224067
0.38552874716224067
0.38552874716224067
0.38552874716224067
0.38552874716224067
0.38552874716224067
0.38552874716224067
0.38552874716224067
0.38552874716224067
0.38552874716224067
0.38552874716224067
0.38552874716224067
0.38552874716224067
0.38552874716224067
0.38552874716224067
0.38552874716224067
0.38552874716224067
0.38552874716224067
0.38552874716224067
0.38552874716224067
0.38552874716224067
0.38552874716224067
0.38552874716224067
0.38552874716224067
0.38552874716224067
0.38552874716224067
0.38552874716224067
0.38552874716224067
0.38552874716224067
0.38552874716224067
0.38552874716224067
0.38552874716224067
0.38552874716224067
0.38552874716224067
0.38552874716224067
0.38552874716224067
0.38552874716224067
0.38552874716224067
0.38552874716224067
0.38552874716224067
0.38552874716224067
0.38552874716224067
0.38552874716224067
0.38552874716224067
0.38552874716224067
0.38552874716224067
0.38552874716224067
0.38552874716224067
0.38552874716224067
0.38552874716224067
0.38552874716224067
0.38552874716224067
0.38552874716224067
0.38552874716224067
0.38552874716224067
0.38552874716224067
0.38552874716224067
0.38552874716224067
0.38552874716224067
0.38552874716224067
0.38552874716224067
0.38552874716224067
0.38552874716224067
0.38552874716224067
0.38552874716224067
0.38552874716224067
0.38552874716224067
0.38552874716224067
0.38552874716224067
0.38552874716224067
0.38552874716224067
0.38552874716224067
0.38552874716224067
0.38552874716224067
0.38552874716224067
0.38552874716224067
0.38552874716224067
0.38552874716224067
0.38552874716224067
0.38552874716224067
0.38552874716224067
0.38552874716224067
0.38552874716224067
0.38552874716224067
0.38552874716224067
0.38552874716224067
0.38552874716224067
0.38552874716224067
0.38552874716224067
0.38552874716224067
0.38552874716224067
0.38552874716224067
0.38552874716224067
0.38552874716224067
0.38552874716224067
0.38552874716224067
0.38552874716224067
0.38552874716224067
0.38552874716224067
0.38552874716224067
0.38552874716224067
0.38552874716224067
0.38552874716224067
0.38552874716224067
0.38552874716224067
0.38552874716224067
0.38552874716224067
0.38552874716224067
0.38552874716224067
0.38552874716224067
0.38552874716224067
0.38552874716224067
0.38552874716224067
0.38552874716224067
0.38552874716224067
0.38552874716224067
0.38552874716224067
0.38552874716224067
0.38552874716224067
0.38552874716224067
0.38552874716224067
0.38552874716224067
0.38552874716224067
0.38552874716224067
0.38552874716224067
0.38552874716224067
0.38552874716224067
0.38552874716224067
0.38552874716224067
0.38552874716224067
0.38552874716224067
0.38552874716224067
0.38552874716224067
0.38552874716224067
0.38552874716224067
0.38552874716224067
0.38552874716224067
0.38552874716224067
0.38552874716224067
0.38552874716224067
0.38552874716224067
0.38552874716224067
0.38552874716224067
0.38552874716224067
0.38552874716224067
0.38552874716224067
0.38552874716224067
0.38552874716224067
0.38552874716224067
0.38552874716224067
0.38552874716224067
0.38552874716224067
0.38552874716224067
0.38552874716224067
0.38552874716224067
0.38552874716224067
0.38552874716224067
0.38552874716224067
0.38552874716224067
0.38552874716224067
0.38552874716224067
0.38552874716224067
0.38552874716224067
0.38552874716224067
0.38552874716224067
0.38552874716224067
0.38552874716224067
0.38552874716224067
0.38552874716224067
0.38552874716224067
0.38552874716224067
0.38552874716224067
0.38552874716224067
0.38552874716224067
0.38552874716224067
0.38552874716224067
0.38552874716224067
0.38552874716224067
0.38552874716224067
0.38552874716224067
0.38552874716224067
0.38552874716224067
0.38552874716224067
Fator de regularizacao: 0.5
0.38552874716224067
0.38552874716224067
0.38552874716224067
0.38552874716224067
0.38552874716224067
0.38552874716224067
0.38552874716224067
0.38552874716224067
0.38552874716224067
0.38552874716224067
0.38552874716224067
0.38552874716224067
0.38552874716224067
0.38552874716224067
0.38552874716224067
0.38552874716224067
0.38552874716224067
0.38552874716224067
0.38552874716224067
0.38552874716224067
0.38552874716224067
0.38552874716224067
0.38552874716224067
0.38552874716224067
0.38552874716224067
0.38552874716224067
0.38552874716224067
0.38552874716224067
0.38552874716224067
0.38552874716224067
0.38552874716224067
0.38552874716224067
0.38552874716224067
0.38552874716224067
0.38552874716224067
0.38552874716224067
0.38552874716224067
0.38552874716224067
0.38552874716224067
0.38552874716224067
0.38552874716224067
0.38552874716224067
0.38552874716224067
0.38552874716224067
0.38552874716224067
0.38552874716224067
0.38552874716224067
0.38552874716224067
0.38552874716224067
0.38552874716224067
0.38552874716224067
0.38552874716224067
0.38552874716224067
0.38552874716224067
0.38552874716224067
0.38552874716224067
0.38552874716224067
0.38552874716224067
0.38552874716224067
0.38552874716224067
0.38552874716224067
0.38552874716224067
0.38552874716224067
0.38552874716224067
0.38552874716224067
0.38552874716224067
0.38552874716224067
0.38552874716224067
0.38552874716224067
0.38552874716224067
0.38552874716224067
0.38552874716224067
0.38552874716224067
0.38552874716224067
0.38552874716224067
0.38552874716224067
0.38552874716224067
0.38552874716224067
0.38552874716224067
0.38552874716224067
0.38552874716224067
0.38552874716224067
0.38552874716224067
0.38552874716224067
0.38552874716224067
0.38552874716224067
0.38552874716224067
0.38552874716224067
0.38552874716224067
0.38552874716224067
0.38552874716224067
0.38552874716224067
0.38552874716224067
0.38552874716224067
0.38552874716224067
0.38552874716224067
0.38552874716224067
0.38552874716224067
0.38552874716224067
0.38552874716224067
0.38552874716224067
0.38552874716224067
0.38552874716224067
0.38552874716224067
0.38552874716224067
0.38552874716224067
0.38552874716224067
0.38552874716224067
0.38552874716224067
0.38552874716224067
0.38552874716224067
0.38552874716224067
0.38552874716224067
0.38552874716224067
0.38552874716224067
0.38552874716224067
0.38552874716224067
0.38552874716224067
0.38552874716224067
0.38552874716224067
0.38552874716224067
0.38552874716224067
0.38552874716224067
0.38552874716224067
0.38552874716224067
0.38552874716224067
0.38552874716224067
0.38552874716224067
0.38552874716224067
0.38552874716224067
0.38552874716224067
0.38552874716224067
0.38552874716224067
0.38552874716224067
0.38552874716224067
0.38552874716224067
0.38552874716224067
0.38552874716224067
0.38552874716224067
0.38552874716224067
0.38552874716224067
0.38552874716224067
0.38552874716224067
0.38552874716224067
0.38552874716224067
0.38552874716224067
0.38552874716224067
0.38552874716224067
0.38552874716224067
0.38552874716224067
0.38552874716224067
0.38552874716224067
0.38552874716224067
0.38552874716224067
0.38552874716224067
0.38552874716224067
0.38552874716224067
0.38552874716224067
0.38552874716224067
0.38552874716224067
0.38552874716224067
0.38552874716224067
0.38552874716224067
0.38552874716224067
0.38552874716224067
0.38552874716224067
0.38552874716224067
0.38552874716224067
0.38552874716224067
0.38552874716224067
0.38552874716224067
0.38552874716224067
0.38552874716224067
0.38552874716224067
0.38552874716224067
0.38552874716224067
0.38552874716224067
0.38552874716224067
0.38552874716224067
0.38552874716224067
0.38552874716224067
0.38552874716224067
0.38552874716224067
0.38552874716224067
0.38552874716224067
0.38552874716224067
0.38552874716224067
0.38552874716224067
0.38552874716224067
0.38552874716224067
0.38552874716224067
0.38552874716224067
0.38552874716224067
0.38552874716224067
0.38552874716224067
0.38552874716224067
0.38552874716224067
0.38552874716224067
0.38552874716224067
0.38552874716224067
0.38552874716224067
0.38552874716224067
0.38552874716224067
0.38552874716224067
0.38552874716224067
0.38552874716224067
0.38552874716224067
0.38552874716224067
0.38552874716224067
0.38552874716224067
0.38552874716224067
0.38552874716224067
0.38552874716224067
0.38552874716224067
0.38552874716224067
0.38552874716224067
0.38552874716224067
0.38552874716224067
0.38552874716224067
0.38552874716224067
0.38552874716224067
0.38552874716224067
0.38552874716224067
0.38552874716224067
0.38552874716224067
0.38552874716224067
0.38552874716224067
0.38552874716224067
0.38552874716224067
0.38552874716224067
0.38552874716224067
0.38552874716224067
0.38552874716224067
0.38552874716224067
0.38552874716224067
0.38552874716224067
0.38552874716224067
0.38552874716224067
0.38552874716224067
0.38552874716224067
0.38552874716224067
0.38552874716224067
0.38552874716224067
0.38552874716224067
0.38552874716224067
0.38552874716224067
0.38552874716224067
0.38552874716224067
0.38552874716224067
0.38552874716224067
0.38552874716224067
0.38552874716224067
0.38552874716224067
0.38552874716224067
0.38552874716224067
0.38552874716224067
0.38552874716224067
0.38552874716224067
0.38552874716224067
0.38552874716224067
0.38552874716224067
0.38552874716224067
0.38552874716224067
0.38552874716224067
0.38552874716224067
0.38552874716224067
0.38552874716224067
0.38552874716224067
0.38552874716224067
0.38552874716224067
0.38552874716224067
0.38552874716224067
0.38552874716224067
0.38552874716224067
0.38552874716224067
0.38552874716224067
0.38552874716224067
0.38552874716224067
0.38552874716224067
0.38552874716224067
0.38552874716224067
0.38552874716224067
0.38552874716224067
0.38552874716224067
0.38552874716224067
0.38552874716224067
0.38552874716224067
0.38552874716224067
0.38552874716224067
0.38552874716224067
0.38552874716224067
0.38552874716224067
0.38552874716224067
0.38552874716224067
0.38552874716224067
0.38552874716224067
0.38552874716224067
0.38552874716224067
0.38552874716224067
0.38552874716224067
0.38552874716224067
0.38552874716224067
0.38552874716224067
0.38552874716224067
0.38552874716224067
0.38552874716224067
0.38552874716224067
0.38552874716224067
0.38552874716224067
0.38552874716224067
0.38552874716224067
0.38552874716224067
0.38552874716224067
0.38552874716224067
0.38552874716224067
0.38552874716224067
0.38552874716224067
0.38552874716224067
0.38552874716224067
0.38552874716224067
0.38552874716224067
0.38552874716224067
0.38552874716224067
0.38552874716224067
0.38552874716224067
0.38552874716224067
0.38552874716224067
0.38552874716224067
0.38552874716224067
0.38552874716224067
0.38552874716224067
0.38552874716224067
0.38552874716224067
0.38552874716224067
0.38552874716224067
0.38552874716224067
0.38552874716224067
0.38552874716224067
0.38552874716224067
0.38552874716224067
0.38552874716224067
0.38552874716224067
0.38552874716224067
0.38552874716224067
0.38552874716224067
0.38552874716224067
0.38552874716224067
0.38552874716224067
0.38552874716224067
0.38552874716224067
0.38552874716224067
0.38552874716224067
0.38552874716224067
0.38552874716224067
0.38552874716224067
0.38552874716224067
0.38552874716224067
0.38552874716224067
0.38552874716224067
0.38552874716224067
0.38552874716224067
0.38552874716224067
0.38552874716224067
0.38552874716224067
0.38552874716224067
0.38552874716224067
0.38552874716224067
0.38552874716224067
0.38552874716224067
0.38552874716224067
0.38552874716224067
0.38552874716224067
0.38552874716224067
0.38552874716224067
0.38552874716224067
0.38552874716224067
0.38552874716224067
0.38552874716224067
0.38552874716224067
0.38552874716224067
0.38552874716224067
0.38552874716224067
0.38552874716224067
0.38552874716224067
0.38552874716224067
0.38552874716224067
0.38552874716224067
0.38552874716224067
0.38552874716224067
0.38552874716224067
0.38552874716224067
0.38552874716224067
0.38552874716224067
0.38552874716224067
0.38552874716224067
0.38552874716224067
0.38552874716224067
0.38552874716224067
0.38552874716224067
0.38552874716224067
0.38552874716224067
0.38552874716224067
0.38552874716224067
0.38552874716224067
0.38552874716224067
0.38552874716224067
0.38552874716224067
0.38552874716224067
0.38552874716224067
0.38552874716224067
0.38552874716224067
0.38552874716224067
0.38552874716224067
0.38552874716224067
0.38552874716224067
0.38552874716224067
0.38552874716224067
0.38552874716224067
0.38552874716224067
0.38552874716224067
0.38552874716224067
0.38552874716224067
0.38552874716224067
0.38552874716224067
0.38552874716224067
0.38552874716224067
0.38552874716224067
0.38552874716224067
0.38552874716224067
0.38552874716224067
0.38552874716224067
0.38552874716224067
0.38552874716224067
0.38552874716224067
0.38552874716224067
0.38552874716224067
0.38552874716224067
0.38552874716224067
0.38552874716224067
0.38552874716224067
0.38552874716224067
0.38552874716224067
0.38552874716224067
0.38552874716224067
0.38552874716224067
0.38552874716224067
0.38552874716224067
0.38552874716224067
0.38552874716224067
0.38552874716224067
0.38552874716224067
0.38552874716224067
0.38552874716224067
0.38552874716224067
0.38552874716224067
0.38552874716224067
0.38552874716224067
0.38552874716224067
0.38552874716224067
0.38552874716224067
0.38552874716224067
0.38552874716224067
0.38552874716224067
0.38552874716224067
0.38552874716224067
0.38552874716224067
0.38552874716224067
0.38552874716224067
0.38552874716224067
0.38552874716224067
0.38552874716224067
0.38552874716224067
0.38552874716224067
0.38552874716224067
0.38552874716224067
0.38552874716224067
0.38552874716224067
0.38552874716224067
0.38552874716224067
0.38552874716224067
0.38552874716224067
0.38552874716224067
0.38552874716224067
0.38552874716224067
0.38552874716224067
0.38552874716224067
0.38552874716224067
0.38552874716224067
0.38552874716224067
0.38552874716224067
0.38552874716224067
0.38552874716224067
0.38552874716224067
0.38552874716224067
0.38552874716224067
0.38552874716224067
0.38552874716224067
0.38552874716224067
0.38552874716224067
0.38552874716224067
Fator de regularizacao: 0.6
0.38552874716224067
0.38552874716224067
0.38552874716224067
0.38552874716224067
0.38552874716224067
0.38552874716224067
0.38552874716224067
0.38552874716224067
0.38552874716224067
0.38552874716224067
0.38552874716224067
0.38552874716224067
0.38552874716224067
0.38552874716224067
0.38552874716224067
0.38552874716224067
0.38552874716224067
0.38552874716224067
0.38552874716224067
0.38552874716224067
0.38552874716224067
0.38552874716224067
0.38552874716224067
0.38552874716224067
0.38552874716224067
0.38552874716224067
0.38552874716224067
0.38552874716224067
0.38552874716224067
0.38552874716224067
0.38552874716224067
0.38552874716224067
0.38552874716224067
0.38552874716224067
0.38552874716224067
0.38552874716224067
0.38552874716224067
0.38552874716224067
0.38552874716224067
0.38552874716224067
0.38552874716224067
0.38552874716224067
0.38552874716224067
0.38552874716224067
0.38552874716224067
0.38552874716224067
0.38552874716224067
0.38552874716224067
0.38552874716224067
0.38552874716224067
0.38552874716224067
0.38552874716224067
0.38552874716224067
0.38552874716224067
0.38552874716224067
0.38552874716224067
0.38552874716224067
0.38552874716224067
0.38552874716224067
0.38552874716224067
0.38552874716224067
0.38552874716224067
0.38552874716224067
0.38552874716224067
0.38552874716224067
0.38552874716224067
0.38552874716224067
0.38552874716224067
0.38552874716224067
0.38552874716224067
0.38552874716224067
0.38552874716224067
0.38552874716224067
0.38552874716224067
0.38552874716224067
0.38552874716224067
0.38552874716224067
0.38552874716224067
0.38552874716224067
0.38552874716224067
0.38552874716224067
0.38552874716224067
0.38552874716224067
0.38552874716224067
0.38552874716224067
0.38552874716224067
0.38552874716224067
0.38552874716224067
0.38552874716224067
0.38552874716224067
0.38552874716224067
0.38552874716224067
0.38552874716224067
0.38552874716224067
0.38552874716224067
0.38552874716224067
0.38552874716224067
0.38552874716224067
0.38552874716224067
0.38552874716224067
0.38552874716224067
0.38552874716224067
0.38552874716224067
0.38552874716224067
0.38552874716224067
0.38552874716224067
0.38552874716224067
0.38552874716224067
0.38552874716224067
0.38552874716224067
0.38552874716224067
0.38552874716224067
0.38552874716224067
0.38552874716224067
0.38552874716224067
0.38552874716224067
0.38552874716224067
0.38552874716224067
0.38552874716224067
0.38552874716224067
0.38552874716224067
0.38552874716224067
0.38552874716224067
0.38552874716224067
0.38552874716224067
0.38552874716224067
0.38552874716224067
0.38552874716224067
0.38552874716224067
0.38552874716224067
0.38552874716224067
0.38552874716224067
0.38552874716224067
0.38552874716224067
0.38552874716224067
0.38552874716224067
0.38552874716224067
0.38552874716224067
0.38552874716224067
0.38552874716224067
0.38552874716224067
0.38552874716224067
0.38552874716224067
0.38552874716224067
0.38552874716224067
0.38552874716224067
0.38552874716224067
0.38552874716224067
0.38552874716224067
0.38552874716224067
0.38552874716224067
0.38552874716224067
0.38552874716224067
0.38552874716224067
0.38552874716224067
0.38552874716224067
0.38552874716224067
0.38552874716224067
0.38552874716224067
0.38552874716224067
0.38552874716224067
0.38552874716224067
0.38552874716224067
0.38552874716224067
0.38552874716224067
0.38552874716224067
0.38552874716224067
0.38552874716224067
0.38552874716224067
0.38552874716224067
0.38552874716224067
0.38552874716224067
0.38552874716224067
0.38552874716224067
0.38552874716224067
0.38552874716224067
0.38552874716224067
0.38552874716224067
0.38552874716224067
0.38552874716224067
0.38552874716224067
0.38552874716224067
0.38552874716224067
0.38552874716224067
0.38552874716224067
0.38552874716224067
0.38552874716224067
0.38552874716224067
0.38552874716224067
0.38552874716224067
0.38552874716224067
0.38552874716224067
0.38552874716224067
0.38552874716224067
0.38552874716224067
0.38552874716224067
0.38552874716224067
0.38552874716224067
0.38552874716224067
0.38552874716224067
0.38552874716224067
0.38552874716224067
0.38552874716224067
0.38552874716224067
0.38552874716224067
0.38552874716224067
0.38552874716224067
0.38552874716224067
0.38552874716224067
0.38552874716224067
0.38552874716224067
0.38552874716224067
0.38552874716224067
0.38552874716224067
0.38552874716224067
0.38552874716224067
0.38552874716224067
0.38552874716224067
0.38552874716224067
0.38552874716224067
0.38552874716224067
0.38552874716224067
0.38552874716224067
0.38552874716224067
0.38552874716224067
0.38552874716224067
0.38552874716224067
0.38552874716224067
0.38552874716224067
0.38552874716224067
0.38552874716224067
0.38552874716224067
0.38552874716224067
0.38552874716224067
0.38552874716224067
0.38552874716224067
0.38552874716224067
0.38552874716224067
0.38552874716224067
0.38552874716224067
0.38552874716224067
0.38552874716224067
0.38552874716224067
0.38552874716224067
0.38552874716224067
0.38552874716224067
0.38552874716224067
0.38552874716224067
0.38552874716224067
0.38552874716224067
0.38552874716224067
0.38552874716224067
0.38552874716224067
0.38552874716224067
0.38552874716224067
0.38552874716224067
0.38552874716224067
0.38552874716224067
0.38552874716224067
0.38552874716224067
0.38552874716224067
0.38552874716224067
0.38552874716224067
0.38552874716224067
0.38552874716224067
0.38552874716224067
0.38552874716224067
0.38552874716224067
0.38552874716224067
0.38552874716224067
0.38552874716224067
0.38552874716224067
0.38552874716224067
0.38552874716224067
0.38552874716224067
0.38552874716224067
0.38552874716224067
0.38552874716224067
0.38552874716224067
0.38552874716224067
0.38552874716224067
0.38552874716224067
0.38552874716224067
0.38552874716224067
0.38552874716224067
0.38552874716224067
0.38552874716224067
0.38552874716224067
0.38552874716224067
0.38552874716224067
0.38552874716224067
0.38552874716224067
0.38552874716224067
0.38552874716224067
0.38552874716224067
0.38552874716224067
0.38552874716224067
0.38552874716224067
0.38552874716224067
0.38552874716224067
0.38552874716224067
0.38552874716224067
0.38552874716224067
0.38552874716224067
0.38552874716224067
0.38552874716224067
0.38552874716224067
0.38552874716224067
0.38552874716224067
0.38552874716224067
0.38552874716224067
0.38552874716224067
0.38552874716224067
0.38552874716224067
0.38552874716224067
0.38552874716224067
0.38552874716224067
0.38552874716224067
0.38552874716224067
0.38552874716224067
0.38552874716224067
0.38552874716224067
0.38552874716224067
0.38552874716224067
0.38552874716224067
0.38552874716224067
0.38552874716224067
0.38552874716224067
0.38552874716224067
0.38552874716224067
0.38552874716224067
0.38552874716224067
0.38552874716224067
0.38552874716224067
0.38552874716224067
0.38552874716224067
0.38552874716224067
0.38552874716224067
0.38552874716224067
0.38552874716224067
0.38552874716224067
0.38552874716224067
0.38552874716224067
0.38552874716224067
0.38552874716224067
0.38552874716224067
0.38552874716224067
0.38552874716224067
0.38552874716224067
0.38552874716224067
0.38552874716224067
0.38552874716224067
0.38552874716224067
0.38552874716224067
0.38552874716224067
0.38552874716224067
0.38552874716224067
0.38552874716224067
0.38552874716224067
0.38552874716224067
0.38552874716224067
0.38552874716224067
0.38552874716224067
0.38552874716224067
0.38552874716224067
0.38552874716224067
0.38552874716224067
0.38552874716224067
0.38552874716224067
0.38552874716224067
0.38552874716224067
0.38552874716224067
0.38552874716224067
0.38552874716224067
0.38552874716224067
0.38552874716224067
0.38552874716224067
0.38552874716224067
0.38552874716224067
0.38552874716224067
0.38552874716224067
0.38552874716224067
0.38552874716224067
0.38552874716224067
0.38552874716224067
0.38552874716224067
0.38552874716224067
0.38552874716224067
0.38552874716224067
0.38552874716224067
0.38552874716224067
0.38552874716224067
0.38552874716224067
0.38552874716224067
0.38552874716224067
0.38552874716224067
0.38552874716224067
0.38552874716224067
0.38552874716224067
0.38552874716224067
0.38552874716224067
0.38552874716224067
0.38552874716224067
0.38552874716224067
0.38552874716224067
0.38552874716224067
0.38552874716224067
0.38552874716224067
0.38552874716224067
0.38552874716224067
0.38552874716224067
0.38552874716224067
0.38552874716224067
0.38552874716224067
0.38552874716224067
0.38552874716224067
0.38552874716224067
0.38552874716224067
0.38552874716224067
0.38552874716224067
0.38552874716224067
0.38552874716224067
0.38552874716224067
0.38552874716224067
0.38552874716224067
0.38552874716224067
0.38552874716224067
0.38552874716224067
0.38552874716224067
0.38552874716224067
0.38552874716224067
0.38552874716224067
0.38552874716224067
0.38552874716224067
0.38552874716224067
0.38552874716224067
0.38552874716224067
0.38552874716224067
0.38552874716224067
0.38552874716224067
0.38552874716224067
0.38552874716224067
0.38552874716224067
0.38552874716224067
0.38552874716224067
0.38552874716224067
0.38552874716224067
0.38552874716224067
0.38552874716224067
0.38552874716224067
0.38552874716224067
0.38552874716224067
0.38552874716224067
0.38552874716224067
0.38552874716224067
0.38552874716224067
0.38552874716224067
0.38552874716224067
0.38552874716224067
0.38552874716224067
0.38552874716224067
0.38552874716224067
0.38552874716224067
0.38552874716224067
0.38552874716224067
0.38552874716224067
0.38552874716224067
0.38552874716224067
0.38552874716224067
0.38552874716224067
0.38552874716224067
0.38552874716224067
0.38552874716224067
0.38552874716224067
0.38552874716224067
0.38552874716224067
0.38552874716224067
0.38552874716224067
0.38552874716224067
0.38552874716224067
0.38552874716224067
0.38552874716224067
0.38552874716224067
0.38552874716224067
0.38552874716224067
0.38552874716224067
0.38552874716224067
0.38552874716224067
0.38552874716224067
0.38552874716224067
0.38552874716224067
0.38552874716224067
0.38552874716224067
0.38552874716224067
0.38552874716224067
0.38552874716224067
0.38552874716224067
0.38552874716224067
0.38552874716224067
0.38552874716224067
Fator de regularizacao: 0.7
0.38552874716224067
0.38552874716224067
0.38552874716224067
0.38552874716224067
0.38552874716224067
0.38552874716224067
0.38552874716224067
0.38552874716224067
0.38552874716224067
0.38552874716224067
0.38552874716224067
0.38552874716224067
0.38552874716224067
0.38552874716224067
0.38552874716224067
0.38552874716224067
0.38552874716224067
0.38552874716224067
0.38552874716224067
0.38552874716224067
0.38552874716224067
0.38552874716224067
0.38552874716224067
0.38552874716224067
0.38552874716224067
0.38552874716224067
0.38552874716224067
0.38552874716224067
0.38552874716224067
0.38552874716224067
0.38552874716224067
0.38552874716224067
0.38552874716224067
0.38552874716224067
0.38552874716224067
0.38552874716224067
0.38552874716224067
0.38552874716224067
0.38552874716224067
0.38552874716224067
0.38552874716224067
0.38552874716224067
0.38552874716224067
0.38552874716224067
0.38552874716224067
0.38552874716224067
0.38552874716224067
0.38552874716224067
0.38552874716224067
0.38552874716224067
0.38552874716224067
0.38552874716224067
0.38552874716224067
0.38552874716224067
0.38552874716224067
0.38552874716224067
0.38552874716224067
0.38552874716224067
0.38552874716224067
0.38552874716224067
0.38552874716224067
0.38552874716224067
0.38552874716224067
0.38552874716224067
0.38552874716224067
0.38552874716224067
0.38552874716224067
0.38552874716224067
0.38552874716224067
0.38552874716224067
0.38552874716224067
0.38552874716224067
0.38552874716224067
0.38552874716224067
0.38552874716224067
0.38552874716224067
0.38552874716224067
0.38552874716224067
0.38552874716224067
0.38552874716224067
0.38552874716224067
0.38552874716224067
0.38552874716224067
0.38552874716224067
0.38552874716224067
0.38552874716224067
0.38552874716224067
0.38552874716224067
0.38552874716224067
0.38552874716224067
0.38552874716224067
0.38552874716224067
0.38552874716224067
0.38552874716224067
0.38552874716224067
0.38552874716224067
0.38552874716224067
0.38552874716224067
0.38552874716224067
0.38552874716224067
0.38552874716224067
0.38552874716224067
0.38552874716224067
0.38552874716224067
0.38552874716224067
0.38552874716224067
0.38552874716224067
0.38552874716224067
0.38552874716224067
0.38552874716224067
0.38552874716224067
0.38552874716224067
0.38552874716224067
0.38552874716224067
0.38552874716224067
0.38552874716224067
0.38552874716224067
0.38552874716224067
0.38552874716224067
0.38552874716224067
0.38552874716224067
0.38552874716224067
0.38552874716224067
0.38552874716224067
0.38552874716224067
0.38552874716224067
0.38552874716224067
0.38552874716224067
0.38552874716224067
0.38552874716224067
0.38552874716224067
0.38552874716224067
0.38552874716224067
0.38552874716224067
0.38552874716224067
0.38552874716224067
0.38552874716224067
0.38552874716224067
0.38552874716224067
0.38552874716224067
0.38552874716224067
0.38552874716224067
0.38552874716224067
0.38552874716224067
0.38552874716224067
0.38552874716224067
0.38552874716224067
0.38552874716224067
0.38552874716224067
0.38552874716224067
0.38552874716224067
0.38552874716224067
0.38552874716224067
0.38552874716224067
0.38552874716224067
0.38552874716224067
0.38552874716224067
0.38552874716224067
0.38552874716224067
0.38552874716224067
0.38552874716224067
0.38552874716224067
0.38552874716224067
0.38552874716224067
0.38552874716224067
0.38552874716224067
0.38552874716224067
0.38552874716224067
0.38552874716224067
0.38552874716224067
0.38552874716224067
0.38552874716224067
0.38552874716224067
0.38552874716224067
0.38552874716224067
0.38552874716224067
0.38552874716224067
0.38552874716224067
0.38552874716224067
0.38552874716224067
0.38552874716224067
0.38552874716224067
0.38552874716224067
0.38552874716224067
0.38552874716224067
0.38552874716224067
0.38552874716224067
0.38552874716224067
0.38552874716224067
0.38552874716224067
0.38552874716224067
0.38552874716224067
0.38552874716224067
0.38552874716224067
0.38552874716224067
0.38552874716224067
0.38552874716224067
0.38552874716224067
0.38552874716224067
0.38552874716224067
0.38552874716224067
0.38552874716224067
0.38552874716224067
0.38552874716224067
0.38552874716224067
0.38552874716224067
0.38552874716224067
0.38552874716224067
0.38552874716224067
0.38552874716224067
0.38552874716224067
0.38552874716224067
0.38552874716224067
0.38552874716224067
0.38552874716224067
0.38552874716224067
0.38552874716224067
0.38552874716224067
0.38552874716224067
0.38552874716224067
0.38552874716224067
0.38552874716224067
0.38552874716224067
0.38552874716224067
0.38552874716224067
0.38552874716224067
0.38552874716224067
0.38552874716224067
0.38552874716224067
0.38552874716224067
0.38552874716224067
0.38552874716224067
0.38552874716224067
0.38552874716224067
0.38552874716224067
0.38552874716224067
0.38552874716224067
0.38552874716224067
0.38552874716224067
0.38552874716224067
0.38552874716224067
0.38552874716224067
0.38552874716224067
0.38552874716224067
0.38552874716224067
0.38552874716224067
0.38552874716224067
0.38552874716224067
0.38552874716224067
0.38552874716224067
0.38552874716224067
0.38552874716224067
0.38552874716224067
0.38552874716224067
0.38552874716224067
0.38552874716224067
0.38552874716224067
0.38552874716224067
0.38552874716224067
0.38552874716224067
0.38552874716224067
0.38552874716224067
0.38552874716224067
0.38552874716224067
0.38552874716224067
0.38552874716224067
0.38552874716224067
0.38552874716224067
0.38552874716224067
0.38552874716224067
0.38552874716224067
0.38552874716224067
0.38552874716224067
0.38552874716224067
0.38552874716224067
0.38552874716224067
0.38552874716224067
0.38552874716224067
0.38552874716224067
0.38552874716224067
0.38552874716224067
0.38552874716224067
0.38552874716224067
0.38552874716224067
0.38552874716224067
0.38552874716224067
0.38552874716224067
0.38552874716224067
0.38552874716224067
0.38552874716224067
0.38552874716224067
0.38552874716224067
0.38552874716224067
0.38552874716224067
0.38552874716224067
0.38552874716224067
0.38552874716224067
0.38552874716224067
0.38552874716224067
0.38552874716224067
0.38552874716224067
0.38552874716224067
0.38552874716224067
0.38552874716224067
0.38552874716224067
0.38552874716224067
0.38552874716224067
0.38552874716224067
0.38552874716224067
0.38552874716224067
0.38552874716224067
0.38552874716224067
0.38552874716224067
0.38552874716224067
0.38552874716224067
0.38552874716224067
0.38552874716224067
0.38552874716224067
0.38552874716224067
0.38552874716224067
0.38552874716224067
0.38552874716224067
0.38552874716224067
0.38552874716224067
0.38552874716224067
0.38552874716224067
0.38552874716224067
0.38552874716224067
0.38552874716224067
0.38552874716224067
0.38552874716224067
0.38552874716224067
0.38552874716224067
0.38552874716224067
0.38552874716224067
0.38552874716224067
0.38552874716224067
0.38552874716224067
0.38552874716224067
0.38552874716224067
0.38552874716224067
0.38552874716224067
0.38552874716224067
0.38552874716224067
0.38552874716224067
0.38552874716224067
0.38552874716224067
0.38552874716224067
0.38552874716224067
0.38552874716224067
0.38552874716224067
0.38552874716224067
0.38552874716224067
0.38552874716224067
0.38552874716224067
0.38552874716224067
0.38552874716224067
0.38552874716224067
0.38552874716224067
0.38552874716224067
0.38552874716224067
0.38552874716224067
0.38552874716224067
0.38552874716224067
0.38552874716224067
0.38552874716224067
0.38552874716224067
0.38552874716224067
0.38552874716224067
0.38552874716224067
0.38552874716224067
0.38552874716224067
0.38552874716224067
0.38552874716224067
0.38552874716224067
0.38552874716224067
0.38552874716224067
0.38552874716224067
0.38552874716224067
0.38552874716224067
0.38552874716224067
0.38552874716224067
0.38552874716224067
0.38552874716224067
0.38552874716224067
0.38552874716224067
0.38552874716224067
0.38552874716224067
0.38552874716224067
0.38552874716224067
0.38552874716224067
0.38552874716224067
0.38552874716224067
0.38552874716224067
0.38552874716224067
0.38552874716224067
0.38552874716224067
0.38552874716224067
0.38552874716224067
0.38552874716224067
0.38552874716224067
0.38552874716224067
0.38552874716224067
0.38552874716224067
0.38552874716224067
0.38552874716224067
0.38552874716224067
0.38552874716224067
0.38552874716224067
0.38552874716224067
0.38552874716224067
0.38552874716224067
0.38552874716224067
0.38552874716224067
0.38552874716224067
0.38552874716224067
0.38552874716224067
0.38552874716224067
0.38552874716224067
0.38552874716224067
0.38552874716224067
0.38552874716224067
0.38552874716224067
0.38552874716224067
0.38552874716224067
0.38552874716224067
0.38552874716224067
0.38552874716224067
0.38552874716224067
0.38552874716224067
0.38552874716224067
0.38552874716224067
0.38552874716224067
0.38552874716224067
0.38552874716224067
0.38552874716224067
0.38552874716224067
0.38552874716224067
0.38552874716224067
0.38552874716224067
0.38552874716224067
0.38552874716224067
0.38552874716224067
0.38552874716224067
0.38552874716224067
0.38552874716224067
0.38552874716224067
0.38552874716224067
0.38552874716224067
0.38552874716224067
0.38552874716224067
0.38552874716224067
0.38552874716224067
0.38552874716224067
0.38552874716224067
0.38552874716224067
0.38552874716224067
0.38552874716224067
0.38552874716224067
0.38552874716224067
0.38552874716224067
0.38552874716224067
0.38552874716224067
0.38552874716224067
0.38552874716224067
0.38552874716224067
0.38552874716224067
0.38552874716224067
0.38552874716224067
0.38552874716224067
0.38552874716224067
0.38552874716224067
0.38552874716224067
0.38552874716224067
0.38552874716224067
0.38552874716224067
0.38552874716224067
0.38552874716224067
0.38552874716224067
0.38552874716224067
0.38552874716224067
0.38552874716224067
0.38552874716224067
0.38552874716224067
0.38552874716224067
0.38552874716224067
0.38552874716224067
0.38552874716224067
0.38552874716224067
0.38552874716224067
0.38552874716224067
0.38552874716224067
0.38552874716224067
0.38552874716224067
0.38552874716224067
0.38552874716224067
0.38552874716224067
0.38552874716224067
0.38552874716224067
0.38552874716224067
Fator de regularizacao: 0.7999999999999999
0.38552874716224067
0.38552874716224067
0.38552874716224067
0.38552874716224067
0.38552874716224067
0.38552874716224067
0.38552874716224067
0.38552874716224067
0.38552874716224067
0.38552874716224067
0.38552874716224067
0.38552874716224067
0.38552874716224067
0.38552874716224067
0.38552874716224067
0.38552874716224067
0.38552874716224067
0.38552874716224067
0.38552874716224067
0.38552874716224067
0.38552874716224067
0.38552874716224067
0.38552874716224067
0.38552874716224067
0.38552874716224067
0.38552874716224067
0.38552874716224067
0.38552874716224067
0.38552874716224067
0.38552874716224067
0.38552874716224067
0.38552874716224067
0.38552874716224067
0.38552874716224067
0.38552874716224067
0.38552874716224067
0.38552874716224067
0.38552874716224067
0.38552874716224067
0.38552874716224067
0.38552874716224067
0.38552874716224067
0.38552874716224067
0.38552874716224067
0.38552874716224067
0.38552874716224067
0.38552874716224067
0.38552874716224067
0.38552874716224067
0.38552874716224067
0.38552874716224067
0.38552874716224067
0.38552874716224067
0.38552874716224067
0.38552874716224067
0.38552874716224067
0.38552874716224067
0.38552874716224067
0.38552874716224067
0.38552874716224067
0.38552874716224067
0.38552874716224067
0.38552874716224067
0.38552874716224067
0.38552874716224067
0.38552874716224067
0.38552874716224067
0.38552874716224067
0.38552874716224067
0.38552874716224067
0.38552874716224067
0.38552874716224067
0.38552874716224067
0.38552874716224067
0.38552874716224067
0.38552874716224067
0.38552874716224067
0.38552874716224067
0.38552874716224067
0.38552874716224067
0.38552874716224067
0.38552874716224067
0.38552874716224067
0.38552874716224067
0.38552874716224067
0.38552874716224067
0.38552874716224067
0.38552874716224067
0.38552874716224067
0.38552874716224067
0.38552874716224067
0.38552874716224067
0.38552874716224067
0.38552874716224067
0.38552874716224067
0.38552874716224067
0.38552874716224067
0.38552874716224067
0.38552874716224067
0.38552874716224067
0.38552874716224067
0.38552874716224067
0.38552874716224067
0.38552874716224067
0.38552874716224067
0.38552874716224067
0.38552874716224067
0.38552874716224067
0.38552874716224067
0.38552874716224067
0.38552874716224067
0.38552874716224067
0.38552874716224067
0.38552874716224067
0.38552874716224067
0.38552874716224067
0.38552874716224067
0.38552874716224067
0.38552874716224067
0.38552874716224067
0.38552874716224067
0.38552874716224067
0.38552874716224067
0.38552874716224067
0.38552874716224067
0.38552874716224067
0.38552874716224067
0.38552874716224067
0.38552874716224067
0.38552874716224067
0.38552874716224067
0.38552874716224067
0.38552874716224067
0.38552874716224067
0.38552874716224067
0.38552874716224067
0.38552874716224067
0.38552874716224067
0.38552874716224067
0.38552874716224067
0.38552874716224067
0.38552874716224067
0.38552874716224067
0.38552874716224067
0.38552874716224067
0.38552874716224067
0.38552874716224067
0.38552874716224067
0.38552874716224067
0.38552874716224067
0.38552874716224067
0.38552874716224067
0.38552874716224067
0.38552874716224067
0.38552874716224067
0.38552874716224067
0.38552874716224067
0.38552874716224067
0.38552874716224067
0.38552874716224067
0.38552874716224067
0.38552874716224067
0.38552874716224067
0.38552874716224067
0.38552874716224067
0.38552874716224067
0.38552874716224067
0.38552874716224067
0.38552874716224067
0.38552874716224067
0.38552874716224067
0.38552874716224067
0.38552874716224067
0.38552874716224067
0.38552874716224067
0.38552874716224067
0.38552874716224067
0.38552874716224067
0.38552874716224067
0.38552874716224067
0.38552874716224067
0.38552874716224067
0.38552874716224067
0.38552874716224067
0.38552874716224067
0.38552874716224067
0.38552874716224067
0.38552874716224067
0.38552874716224067
0.38552874716224067
0.38552874716224067
0.38552874716224067
0.38552874716224067
0.38552874716224067
0.38552874716224067
0.38552874716224067
0.38552874716224067
0.38552874716224067
0.38552874716224067
0.38552874716224067
0.38552874716224067
0.38552874716224067
0.38552874716224067
0.38552874716224067
0.38552874716224067
0.38552874716224067
0.38552874716224067
0.38552874716224067
0.38552874716224067
0.38552874716224067
0.38552874716224067
0.38552874716224067
0.38552874716224067
0.38552874716224067
0.38552874716224067
0.38552874716224067
0.38552874716224067
0.38552874716224067
0.38552874716224067
0.38552874716224067
0.38552874716224067
0.38552874716224067
0.38552874716224067
0.38552874716224067
0.38552874716224067
0.38552874716224067
0.38552874716224067
0.38552874716224067
0.38552874716224067
0.38552874716224067
0.38552874716224067
0.38552874716224067
0.38552874716224067
0.38552874716224067
0.38552874716224067
0.38552874716224067
0.38552874716224067
0.38552874716224067
0.38552874716224067
0.38552874716224067
0.38552874716224067
0.38552874716224067
0.38552874716224067
0.38552874716224067
0.38552874716224067
0.38552874716224067
0.38552874716224067
0.38552874716224067
0.38552874716224067
0.38552874716224067
0.38552874716224067
0.38552874716224067
0.38552874716224067
0.38552874716224067
0.38552874716224067
0.38552874716224067
0.38552874716224067
0.38552874716224067
0.38552874716224067
0.38552874716224067
0.38552874716224067
0.38552874716224067
0.38552874716224067
0.38552874716224067
0.38552874716224067
0.38552874716224067
0.38552874716224067
0.38552874716224067
0.38552874716224067
0.38552874716224067
0.38552874716224067
0.38552874716224067
0.38552874716224067
0.38552874716224067
0.38552874716224067
0.38552874716224067
0.38552874716224067
0.38552874716224067
0.38552874716224067
0.38552874716224067
0.38552874716224067
0.38552874716224067
0.38552874716224067
0.38552874716224067
0.38552874716224067
0.38552874716224067
0.38552874716224067
0.38552874716224067
0.38552874716224067
0.38552874716224067
0.38552874716224067
0.38552874716224067
0.38552874716224067
0.38552874716224067
0.38552874716224067
0.38552874716224067
0.38552874716224067
0.38552874716224067
0.38552874716224067
0.38552874716224067
0.38552874716224067
0.38552874716224067
0.38552874716224067
0.38552874716224067
0.38552874716224067
0.38552874716224067
0.38552874716224067
0.38552874716224067
0.38552874716224067
0.38552874716224067
0.38552874716224067
0.38552874716224067
0.38552874716224067
0.38552874716224067
0.38552874716224067
0.38552874716224067
0.38552874716224067
0.38552874716224067
0.38552874716224067
0.38552874716224067
0.38552874716224067
0.38552874716224067
0.38552874716224067
0.38552874716224067
0.38552874716224067
0.38552874716224067
0.38552874716224067
0.38552874716224067
0.38552874716224067
0.38552874716224067
0.38552874716224067
0.38552874716224067
0.38552874716224067
0.38552874716224067
0.38552874716224067
0.38552874716224067
0.38552874716224067
0.38552874716224067
0.38552874716224067
0.38552874716224067
0.38552874716224067
0.38552874716224067
0.38552874716224067
0.38552874716224067
0.38552874716224067
0.38552874716224067
0.38552874716224067
0.38552874716224067
0.38552874716224067
0.38552874716224067
0.38552874716224067
0.38552874716224067
0.38552874716224067
0.38552874716224067
0.38552874716224067
0.38552874716224067
0.38552874716224067
0.38552874716224067
0.38552874716224067
0.38552874716224067
0.38552874716224067
0.38552874716224067
0.38552874716224067
0.38552874716224067
0.38552874716224067
0.38552874716224067
0.38552874716224067
0.38552874716224067
0.38552874716224067
0.38552874716224067
0.38552874716224067
0.38552874716224067
0.38552874716224067
0.38552874716224067
0.38552874716224067
0.38552874716224067
0.38552874716224067
0.38552874716224067
0.38552874716224067
0.38552874716224067
0.38552874716224067
0.38552874716224067
0.38552874716224067
0.38552874716224067
0.38552874716224067
0.38552874716224067
0.38552874716224067
0.38552874716224067
0.38552874716224067
0.38552874716224067
0.38552874716224067
0.38552874716224067
0.38552874716224067
0.38552874716224067
0.38552874716224067
0.38552874716224067
0.38552874716224067
0.38552874716224067
0.38552874716224067
0.38552874716224067
0.38552874716224067
0.38552874716224067
0.38552874716224067
0.38552874716224067
0.38552874716224067
0.38552874716224067
0.38552874716224067
0.38552874716224067
0.38552874716224067
0.38552874716224067
0.38552874716224067
0.38552874716224067
0.38552874716224067
0.38552874716224067
0.38552874716224067
0.38552874716224067
0.38552874716224067
0.38552874716224067
0.38552874716224067
0.38552874716224067
0.38552874716224067
0.38552874716224067
0.38552874716224067
0.38552874716224067
0.38552874716224067
0.38552874716224067
0.38552874716224067
0.38552874716224067
0.38552874716224067
0.38552874716224067
0.38552874716224067
0.38552874716224067
0.38552874716224067
0.38552874716224067
0.38552874716224067
0.38552874716224067
0.38552874716224067
0.38552874716224067
0.38552874716224067
0.38552874716224067
0.38552874716224067
0.38552874716224067
0.38552874716224067
0.38552874716224067
0.38552874716224067
0.38552874716224067
0.38552874716224067
0.38552874716224067
0.38552874716224067
0.38552874716224067
0.38552874716224067
0.38552874716224067
0.38552874716224067
0.38552874716224067
0.38552874716224067
0.38552874716224067
0.38552874716224067
0.38552874716224067
0.38552874716224067
0.38552874716224067
0.38552874716224067
0.38552874716224067
0.38552874716224067
0.38552874716224067
0.38552874716224067
0.38552874716224067
0.38552874716224067
0.38552874716224067
0.38552874716224067
0.38552874716224067
0.38552874716224067
0.38552874716224067
0.38552874716224067
0.38552874716224067
0.38552874716224067
0.38552874716224067
0.38552874716224067
0.38552874716224067
0.38552874716224067
0.38552874716224067
0.38552874716224067
0.38552874716224067
0.38552874716224067
0.38552874716224067
0.38552874716224067
0.38552874716224067
0.38552874716224067
0.38552874716224067
0.38552874716224067
0.38552874716224067
0.38552874716224067
0.38552874716224067
0.38552874716224067
0.38552874716224067
0.38552874716224067
0.38552874716224067
0.38552874716224067
0.38552874716224067
0.38552874716224067
0.38552874716224067
Fator de regularizacao: 0.8999999999999999
0.38552874716224067
0.38552874716224067
0.38552874716224067
0.38552874716224067
0.38552874716224067
0.38552874716224067
0.38552874716224067
0.38552874716224067
0.38552874716224067
0.38552874716224067
0.38552874716224067
0.38552874716224067
0.38552874716224067
0.38552874716224067
0.38552874716224067
0.38552874716224067
0.38552874716224067
0.38552874716224067
0.38552874716224067
0.38552874716224067
0.38552874716224067
0.38552874716224067
0.38552874716224067
0.38552874716224067
0.38552874716224067
0.38552874716224067
0.38552874716224067
0.38552874716224067
0.38552874716224067
0.38552874716224067
0.38552874716224067
0.38552874716224067
0.38552874716224067
0.38552874716224067
0.38552874716224067
0.38552874716224067
0.38552874716224067
0.38552874716224067
0.38552874716224067
0.38552874716224067
0.38552874716224067
0.38552874716224067
0.38552874716224067
0.38552874716224067
0.38552874716224067
0.38552874716224067
0.38552874716224067
0.38552874716224067
0.38552874716224067
0.38552874716224067
0.38552874716224067
0.38552874716224067
0.38552874716224067
0.38552874716224067
0.38552874716224067
0.38552874716224067
0.38552874716224067
0.38552874716224067
0.38552874716224067
0.38552874716224067
0.38552874716224067
0.38552874716224067
0.38552874716224067
0.38552874716224067
0.38552874716224067
0.38552874716224067
0.38552874716224067
0.38552874716224067
0.38552874716224067
0.38552874716224067
0.38552874716224067
0.38552874716224067
0.38552874716224067
0.38552874716224067
0.38552874716224067
0.38552874716224067
0.38552874716224067
0.38552874716224067
0.38552874716224067
0.38552874716224067
0.38552874716224067
0.38552874716224067
0.38552874716224067
0.38552874716224067
0.38552874716224067
0.38552874716224067
0.38552874716224067
0.38552874716224067
0.38552874716224067
0.38552874716224067
0.38552874716224067
0.38552874716224067
0.38552874716224067
0.38552874716224067
0.38552874716224067
0.38552874716224067
0.38552874716224067
0.38552874716224067
0.38552874716224067
0.38552874716224067
0.38552874716224067
0.38552874716224067
0.38552874716224067
0.38552874716224067
0.38552874716224067
0.38552874716224067
0.38552874716224067
0.38552874716224067
0.38552874716224067
0.38552874716224067
0.38552874716224067
0.38552874716224067
0.38552874716224067
0.38552874716224067
0.38552874716224067
0.38552874716224067
0.38552874716224067
0.38552874716224067
0.38552874716224067
0.38552874716224067
0.38552874716224067
0.38552874716224067
0.38552874716224067
0.38552874716224067
0.38552874716224067
0.38552874716224067
0.38552874716224067
0.38552874716224067
0.38552874716224067
0.38552874716224067
0.38552874716224067
0.38552874716224067
0.38552874716224067
0.38552874716224067
0.38552874716224067
0.38552874716224067
0.38552874716224067
0.38552874716224067
0.38552874716224067
0.38552874716224067
0.38552874716224067
0.38552874716224067
0.38552874716224067
0.38552874716224067
0.38552874716224067
0.38552874716224067
0.38552874716224067
0.38552874716224067
0.38552874716224067
0.38552874716224067
0.38552874716224067
0.38552874716224067
0.38552874716224067
0.38552874716224067
0.38552874716224067
0.38552874716224067
0.38552874716224067
0.38552874716224067
0.38552874716224067
0.38552874716224067
0.38552874716224067
0.38552874716224067
0.38552874716224067
0.38552874716224067
0.38552874716224067
0.38552874716224067
0.38552874716224067
0.38552874716224067
0.38552874716224067
0.38552874716224067
0.38552874716224067
0.38552874716224067
0.38552874716224067
0.38552874716224067
0.38552874716224067
0.38552874716224067
0.38552874716224067
0.38552874716224067
0.38552874716224067
0.38552874716224067
0.38552874716224067
0.38552874716224067
0.38552874716224067
0.38552874716224067
0.38552874716224067
0.38552874716224067
0.38552874716224067
0.38552874716224067
0.38552874716224067
0.38552874716224067
0.38552874716224067
0.38552874716224067
0.38552874716224067
0.38552874716224067
0.38552874716224067
0.38552874716224067
0.38552874716224067
0.38552874716224067
0.38552874716224067
0.38552874716224067
0.38552874716224067
0.38552874716224067
0.38552874716224067
0.38552874716224067
0.38552874716224067
0.38552874716224067
0.38552874716224067
0.38552874716224067
0.38552874716224067
0.38552874716224067
0.38552874716224067
0.38552874716224067
0.38552874716224067
0.38552874716224067
0.38552874716224067
0.38552874716224067
0.38552874716224067
0.38552874716224067
0.38552874716224067
0.38552874716224067
0.38552874716224067
0.38552874716224067
0.38552874716224067
0.38552874716224067
0.38552874716224067
0.38552874716224067
0.38552874716224067
0.38552874716224067
0.38552874716224067
0.38552874716224067
0.38552874716224067
0.38552874716224067
0.38552874716224067
0.38552874716224067
0.38552874716224067
0.38552874716224067
0.38552874716224067
0.38552874716224067
0.38552874716224067
0.38552874716224067
0.38552874716224067
0.38552874716224067
0.38552874716224067
0.38552874716224067
0.38552874716224067
0.38552874716224067
0.38552874716224067
0.38552874716224067
0.38552874716224067
0.38552874716224067
0.38552874716224067
0.38552874716224067
0.38552874716224067
0.38552874716224067
0.38552874716224067
0.38552874716224067
0.38552874716224067
0.38552874716224067
0.38552874716224067
0.38552874716224067
0.38552874716224067
0.38552874716224067
0.38552874716224067
0.38552874716224067
0.38552874716224067
0.38552874716224067
0.38552874716224067
0.38552874716224067
0.38552874716224067
0.38552874716224067
0.38552874716224067
0.38552874716224067
0.38552874716224067
0.38552874716224067
0.38552874716224067
0.38552874716224067
0.38552874716224067
0.38552874716224067
0.38552874716224067
0.38552874716224067
0.38552874716224067
0.38552874716224067
0.38552874716224067
0.38552874716224067
0.38552874716224067
0.38552874716224067
0.38552874716224067
0.38552874716224067
0.38552874716224067
0.38552874716224067
0.38552874716224067
0.38552874716224067
0.38552874716224067
0.38552874716224067
0.38552874716224067
0.38552874716224067
0.38552874716224067
0.38552874716224067
0.38552874716224067
0.38552874716224067
0.38552874716224067
0.38552874716224067
0.38552874716224067
0.38552874716224067
0.38552874716224067
0.38552874716224067
0.38552874716224067
0.38552874716224067
0.38552874716224067
0.38552874716224067
0.38552874716224067
0.38552874716224067
0.38552874716224067
0.38552874716224067
0.38552874716224067
0.38552874716224067
0.38552874716224067
0.38552874716224067
0.38552874716224067
0.38552874716224067
0.38552874716224067
0.38552874716224067
0.38552874716224067
0.38552874716224067
0.38552874716224067
0.38552874716224067
0.38552874716224067
0.38552874716224067
0.38552874716224067
0.38552874716224067
0.38552874716224067
0.38552874716224067
0.38552874716224067
0.38552874716224067
0.38552874716224067
0.38552874716224067
0.38552874716224067
0.38552874716224067
0.38552874716224067
0.38552874716224067
0.38552874716224067
0.38552874716224067
0.38552874716224067
0.38552874716224067
0.38552874716224067
0.38552874716224067
0.38552874716224067
0.38552874716224067
0.38552874716224067
0.38552874716224067
0.38552874716224067
0.38552874716224067
0.38552874716224067
0.38552874716224067
0.38552874716224067
0.38552874716224067
0.38552874716224067
0.38552874716224067
0.38552874716224067
0.38552874716224067
0.38552874716224067
0.38552874716224067
0.38552874716224067
0.38552874716224067
0.38552874716224067
0.38552874716224067
0.38552874716224067
0.38552874716224067
0.38552874716224067
0.38552874716224067
0.38552874716224067
0.38552874716224067
0.38552874716224067
0.38552874716224067
0.38552874716224067
0.38552874716224067
0.38552874716224067
0.38552874716224067
0.38552874716224067
0.38552874716224067
0.38552874716224067
0.38552874716224067
0.38552874716224067
0.38552874716224067
0.38552874716224067
0.38552874716224067
0.38552874716224067
0.38552874716224067
0.38552874716224067
0.38552874716224067
0.38552874716224067
0.38552874716224067
0.38552874716224067
0.38552874716224067
0.38552874716224067
0.38552874716224067
0.38552874716224067
0.38552874716224067
0.38552874716224067
0.38552874716224067
0.38552874716224067
0.38552874716224067
0.38552874716224067
0.38552874716224067
0.38552874716224067
0.38552874716224067
0.38552874716224067
0.38552874716224067
0.38552874716224067
0.38552874716224067
0.38552874716224067
0.38552874716224067
0.38552874716224067
0.38552874716224067
0.38552874716224067
0.38552874716224067
0.38552874716224067
0.38552874716224067
0.38552874716224067
0.38552874716224067
0.38552874716224067
0.38552874716224067
0.38552874716224067
0.38552874716224067
0.38552874716224067
0.38552874716224067
0.38552874716224067
0.38552874716224067
0.38552874716224067
0.38552874716224067
0.38552874716224067
0.38552874716224067
0.38552874716224067
0.38552874716224067
0.38552874716224067
0.38552874716224067
0.38552874716224067
0.38552874716224067
0.38552874716224067
0.38552874716224067
0.38552874716224067
0.38552874716224067
0.38552874716224067
0.38552874716224067
0.38552874716224067
0.38552874716224067
0.38552874716224067
0.38552874716224067
0.38552874716224067
0.38552874716224067
0.38552874716224067
0.38552874716224067
0.38552874716224067
0.38552874716224067
0.38552874716224067
0.38552874716224067
0.38552874716224067
0.38552874716224067
0.38552874716224067
0.38552874716224067
0.38552874716224067
0.38552874716224067
0.38552874716224067
0.38552874716224067
0.38552874716224067
0.38552874716224067
0.38552874716224067
0.38552874716224067
0.38552874716224067
0.38552874716224067
0.38552874716224067
0.38552874716224067
0.38552874716224067
0.38552874716224067
0.38552874716224067
0.38552874716224067
0.38552874716224067
0.38552874716224067
0.38552874716224067
0.38552874716224067
0.38552874716224067
0.38552874716224067
0.38552874716224067
0.38552874716224067
0.38552874716224067
0.38552874716224067
0.38552874716224067
0.38552874716224067
0.38552874716224067
0.38552874716224067
0.38552874716224067
0.38552874716224067
0.38552874716224067
0.38552874716224067
0.38552874716224067
0.38552874716224067
0.38552874716224067
0.38552874716224067
0.38552874716224067
0.38552874716224067
