Fator de regularizacao: 0.1
0.5332723697025619
0.6723081613577033
0.7486810960980999
0.7898867288929504
0.8042049904490595
0.8290892172910143
0.8392568421966446
0.8414385233780404
0.8227771752090384
0.859150080420364
0.8329807430790874
0.8310607433397049
0.8567653721785096
0.8535747440539738
0.8679070720925754
0.8543170692446462
0.8540982637337378
0.8742029078045194
0.846544236236786
0.8599236104711577
0.8657706220184306
0.8642278521028521
0.8685797454400717
0.8673715009626219
0.8415137931570076
0.8693565642435688
0.851387038399119
0.8633322359333062
0.8680299745862652
0.8756136177188323
0.8545863560175379
0.8814254665581857
0.8450405457875455
0.8405643107049892
0.8796914871528099
0.8775256855868451
0.8623281229016524
0.8731928262523192
0.8770835334994432
0.8785661439429902
0.8663728813257159
0.8445764763577641
0.8776472883184379
0.8808051398244088
0.8704916314389921
0.8706225337077586
0.8526454568965397
0.8520156331670743
0.8831494239432469
0.8581470406778434
0.8653410980963379
0.8726830286665418
0.8750225058158975
0.8866651006765837
0.8873463316901077
0.8897745514601951
0.8669193497992433
0.8842874116564433
0.8846199880374741
0.8713160996967657
0.8924123645778737
0.8696224477053965
0.8898466844339087
0.8575167879313449
0.8737942042942043
0.8817890811157065
0.8824389490261586
0.8751487935115121
0.8931745459039144
0.8853449152086312
0.8841960671687878
0.8650864093359886
0.8621882603295046
0.8697680939069029
0.8915642983068863
0.8709494107638933
0.8832510526260527
0.8794255203934828
0.8857712748680784
0.887092969824406
0.8667488614237783
0.8694195183451144
0.8822093074683377
0.8778389309856065
0.8876388292438465
0.8803644999034251
0.8666723077677501
0.8856976837034353
0.884323580424714
0.8983515339335051
0.8914063447088824
0.8838980877804408
0.8847363889215607
0.8837637093365771
0.8914453031205513
0.8839602777589194
0.8817846434588594
0.8937887442844182
0.8959845885584654
0.8810516600348643
0.8785164397935998
0.8791924241189427
0.8811774532289682
0.8861972273573603
0.8708894262177701
0.8892176727421566
0.8812897645768356
0.8867139708749658
0.8472013878431452
0.8598231025579969
0.847735292386108
0.8757753004710669
0.8709683933535691
0.8864472233396731
0.87827922183556
0.8454245519618363
0.8906056959247725
0.8792538885567808
0.866725780745961
0.8694354682536668
0.8748677709399214
0.8719978693358426
0.8881781074282576
0.8818535055195555
0.8769323900349628
0.8810494974949306
0.901695178680433
0.891956925533781
0.8510988681905853
0.875894187023575
0.8920699853386578
0.8821731428289585
0.8924439989463163
0.865346359595304
0.8875904598859211
0.8901040212383924
0.8783711893416838
0.8795758606294971
0.8765832518554613
0.8725314917202942
0.8699241023249875
0.886240646896234
0.8775175831045594
0.8970898090140954
0.8622115106033326
0.8716645252683953
0.8647197180091316
0.8762509878715543
0.8807703386587381
0.8842960213486529
0.8758096373544222
0.8960685824029561
0.8808790717729961
0.8738407835584724
0.8813738379769255
0.8599643891173928
0.8847937533468029
0.8817965134771392
0.885967857577425
0.867919549915418
0.8728051153392558
0.8930698596683964
0.8924070861416398
0.8895718638422704
0.8806317545364358
0.8937398148641282
0.8702778351314958
0.8720856910778565
0.8740338449653443
0.8800380141416213
0.8963139772424287
0.8511175638842119
0.8968784173924863
0.8885170100161905
0.8831082734162032
0.874687834338145
0.8786218883365885
0.8842846772841485
0.8798372422765481
0.8774345291024988
0.8923548087507559
0.8787755073044226
0.8811253765908822
0.8844941067370211
0.8940422245870753
0.8691940959212184
0.8941354344488991
0.8821764835167908
0.8855286437820933
0.8779601966398818
0.8547146189067558
0.8728041794254027
0.8712530647838648
0.8570138871428868
0.8792499113573286
0.8786402082191204
0.8841927367615131
0.8841714352975073
0.871148337505157
0.8648625126318216
0.8706328414127837
0.8616784688653762
0.8793141000150492
0.8933118233642496
0.8916401200821783
0.8622539965538865
0.8877943771302654
0.8724395739768704
0.8785303876507952
0.8844937509323773
0.8855775576447693
0.8828497271866119
0.87575068896048
0.8771670856268162
0.8568391616429276
0.8773296874612665
0.8739947250017528
0.8800365067095456
0.886455507622989
0.8696494376174589
0.8978160188463727
0.8796706476706475
0.8747786204730563
0.873664224700845
0.8870730910620873
0.852713566782557
0.8919843049043212
0.8847318204062684
0.8879023917906856
0.8801648345220234
0.8827736140215536
0.8842685150099004
0.8921607587470074
0.8782034336280413
0.8815025604101343
0.8769513932050673
0.8566983479797093
0.8791797490739283
0.8769855052342143
0.8922667636860517
0.8850087228300252
0.8716731894559338
0.8692204208000257
0.8802951723312304
0.8655451687361018
0.8741596524642368
0.8574883884468674
0.8819473111940852
0.8995434706302035
0.900636671397541
0.8932200655088728
0.8857143697618148
0.889987371439048
0.8898018816398009
0.871254138758996
0.8563474594427338
0.8709257306642296
0.8661601717573941
0.8860624643814414
0.8802502603715316
0.8837380706476837
0.8734396232497497
0.8810247935752533
0.8911414744991163
0.8666637949960737
0.8594397923927064
0.8741394329195075
0.8818094331367318
0.8991729944322661
0.8820199884626945
0.8685863277287208
0.8775630625024526
0.8769700851559341
0.8726388722457287
0.8678969815338007
0.8696288690828057
0.8685924839574211
0.8874617612267057
0.8723341672296648
0.8937794151742183
0.8971880974195813
0.8856710107413791
0.8748379893976812
0.8598609572218093
0.8763215761423699
0.8801922565990561
0.8634737627126047
0.86916931588739
0.8672607854327123
0.8810099836575844
0.8596064988713354
0.8855380394173216
0.8913000593063114
0.8901889692997178
0.8900738832884718
0.8784829268704136
0.8861838019337668
0.86250983304366
0.8772628897232482
0.8731364806694588
0.8865510908350045
0.8616905826710408
0.8939230288054916
0.857390978073146
0.8761493302231205
0.8799490461290362
0.8897696840204581
0.8916921927006947
0.8892456456140666
0.8883402738062098
0.8722734111080198
0.8870638655903373
0.8806374714449448
0.8779536241728836
0.8704944435251523
0.8646591950629
0.8897105014038276
0.8732498320494921
0.8816261367045877
0.8722512273262819
0.8902437427345065
0.8847668940231503
0.8682189699579533
0.871225765054897
0.8898592855599151
0.8836380476253776
0.8823424650647809
0.8727706125989613
0.8799246009791639
0.8875536834212999
0.8850999387566993
0.8610621717692751
0.8694999884399323
0.8619528599490298
0.8899050830993029
0.8773560892897742
0.8867517358232095
0.877843924823075
0.9026751539912403
0.8879102386233722
0.872478921429203
0.8712558942523293
0.8787505065951159
0.8564476427090162
0.8794162105131822
0.8668085839830096
0.8889086418044162
0.8916128126273289
0.8855782630887836
0.8854658275776603
0.8741408141781106
0.8803830024242206
0.8638773933059367
0.8756935722679284
0.8837285544588573
0.8677215854653303
0.8592131185525925
0.8983664924846867
0.8720750244654354
0.8801248675023029
0.8750197288651205
0.8529566034057836
0.8730559130815626
0.8948984780551369
0.8812766100786382
0.8748070839665655
0.8867247150728164
0.8800234731282396
0.880683825673324
0.8786047952266463
0.887966083973373
0.8924472421611942
0.8715869231649267
0.884208494087868
0.8769190691639096
0.8710154408658788
0.8929015096880782
0.876257111685303
0.8727866713322484
0.8757090781066713
0.8912381176930733
0.8781133473727596
0.8907317684437126
0.8542504921557953
0.8943562177145447
0.9026406119343726
0.8813832771508319
0.8975216268670041
0.8908676040385741
0.879756946404813
0.8623218036230261
0.8865956889385622
0.8792736397665413
0.8701031481685874
0.8996436498634306
0.8702400454322715
0.8734166757092001
0.8503790156863094
0.8940953762467805
0.8738815021039853
0.8946490145465642
0.891101022728856
0.8903624034672262
0.8929235696150906
0.8750388992656563
0.8898676530765514
0.8865163963305596
0.8920554543761325
0.8713499612037625
0.8776920625757956
0.8848767595939482
0.8725005662627613
0.891450127546548
0.8870808975341851
0.882711134151686
0.8780095360380059
0.879252453788707
0.8691809376189168
0.8498848112108274
0.8870528919258565
0.8612161346116733
0.8846761162009038
0.8498813240539814
0.874317010602919
0.8695822037336052
0.863174323925959
0.8594231707829744
0.8845978022181376
0.8827824599092711
0.8684678761534294
0.8668220315864732
0.8889491417528145
0.8917037545238624
0.889183252325077
0.8643598433968718
0.8706361480067232
0.8841923666436031
0.8768366789599961
0.8751802618730891
0.8671634635318846
0.8867135688339285
0.8744287973996989
0.8915777404760981
0.8958355891103136
0.8900836052545511
0.8693341308604466
0.878758341980048
0.8917451625643575
0.8844354211631982
0.8857665082622879
0.8889504149906257
0.8942960100749549
0.8609065937711398
0.8669557060371569
0.8884249745989379
0.8845007214034946
0.9001425545066166
0.8875548549866045
0.9027823565105271
0.8739476077497079
0.8806709376241841
0.8805350506001478
0.8700754875499939
0.8741756706589754
0.8647262584413904
0.8783068315688902
0.8643954926471155
0.8739925103733819
0.8797488107237033
0.8944674473525565
0.8851706548167503
0.8739850972396572
0.8618799050701116
0.883221709011363
0.8710818711341888
0.8920330759983331
0.8972697867183298
0.8702635595143923
0.8843344892313597
0.8777273343922636
0.8931479751813814
0.8640556296088363
0.8716582592487014
0.8797720298839552
0.8766118817408101
0.8890926630528684
0.886340581010816
0.8843909107127892
0.8893770438801104
0.8873115389501288
0.881746079568158
0.895818399453629
0.8899021824604896
0.8779330906992199
0.8815870287745842
0.9038314489905972
0.8707057190387634
0.8842230705126282
0.8872758769248599
0.8844805414401998
Fator de regularizacao: 0.2
0.5344054842470335
0.6863073316690891
0.7775910234648358
0.7650819159735502
0.811265880542585
0.8129435150552441
0.8072893646564149
0.830652301385468
0.8399943217476469
0.8186244848599689
0.8228659090699203
0.8410589432075433
0.8418229611482527
0.825715178727582
0.844757252578073
0.8329681008476431
0.8451539017249743
0.8521549346396441
0.8157803548121045
0.8508101560742263
0.8559506416814908
0.8408059105032717
0.8441028360488607
0.8677188849790557
0.8530999177711369
0.8433197917890176
0.8339411514397073
0.851935348707558
0.85306831033196
0.8418375851739686
0.838895278314187
0.8547039136887543
0.8172991249399912
0.8575431059625382
0.8395590762077584
0.8221729333254661
0.82390712803948
0.8506202537882928
0.8577832931824446
0.8642496941705791
0.8528937706461234
0.8244996494317203
0.8578900386265598
0.8262611124132654
0.8600384983966449
0.8526692009184942
0.8238995375354584
0.8312772000263198
0.854313120880515
0.8236062211571105
0.8381380600888478
0.8393380353280595
0.8065714688597063
0.8461837529495309
0.8564721368716569
0.8649266552819717
0.8446392718265023
0.8511929804949944
0.8554168072763157
0.8516639957349221
0.8398895911965697
0.8581758407083051
0.8590095996938102
0.8552285586831054
0.8033074493223882
0.84110249881743
0.8680257887048226
0.8348329534366332
0.8425506710858575
0.8471264757650759
0.8617503941597391
0.8402128929525274
0.8071132190715048
0.8325940312093898
0.8588253043361403
0.8139723696992529
0.8673358688095529
0.877701674819382
0.8400012750210781
0.8553779085816815
0.8574644845876946
0.8624156092207681
0.8374577183629042
0.8361560908598508
0.8528380900438395
0.8554465575527612
0.8563069309941811
0.8418688875264261
0.838750674680951
0.8297733733730682
0.8140553742404324
0.854247221269997
0.8697727250723851
0.868908382955269
0.8640603042914247
0.8550495431762594
0.8609776777603493
0.8388749833426479
0.8536976497027583
0.866296228400343
0.8702179074157927
0.8545518767659586
0.867940043176219
0.8365934060999851
0.822920990456344
0.8581446209523748
0.8647170725175931
0.8420151207997251
0.8623460917934602
0.8203949569506046
0.8452613769070132
0.8368163047973475
0.8435638066577358
0.8636533341751969
0.8363617324381647
0.8251104718763527
0.8505002558620041
0.8466527398482399
0.8406251214287817
0.8541182621242598
0.8678744835806642
0.8465746294381111
0.8248241197624502
0.850060833248464
0.8595075021638937
0.845326742884037
0.857513827382005
0.8192129962600255
0.8535935385701998
0.8653295521183596
0.8557079691752814
0.8508866262316837
0.8580454330315679
0.8359202874120355
0.8659291930327327
0.824405952008686
0.8191787574061399
0.8532588596127402
0.8240333789526915
0.8557085462970188
0.8417929479854275
0.8438894409921168
0.8350384682905387
0.834972385723942
0.8560693708061912
0.8428388289520496
0.8413516689453594
0.8422593658682229
0.8371108068034869
0.8261371542026167
0.8578181169313798
0.8214884580981675
0.8500661050236946
0.8607797346934497
0.849957651335733
0.8250612180903515
0.8555312905214129
0.860954914476129
0.8551967316509603
0.8665750865651661
0.8527077148823882
0.8524730369180616
0.8625158950918583
0.8434745248619734
0.8333902447685245
0.8585431575263536
0.8724789568141988
0.8546435643141637
0.854309799752764
0.8209546587061378
0.8312089851487947
0.8200339932269369
0.8512278719997569
0.8584364809265977
0.8643301139871336
0.8424483031437108
0.8642240519660287
0.8452119815483474
0.8523259033711325
0.8620112173872327
0.8670608132275243
0.8421508302691743
0.8318536961126419
0.8592995836623418
0.8627353168944953
0.8454707578798797
0.8341846325685482
0.8260665335401629
0.8531766298504954
0.8321775997252919
0.8522759653369537
0.81125410630092
0.8472716237701874
0.8723038976940343
0.8567117761920006
0.8429646994109902
0.8334422368222525
0.8390435993134616
0.8108961459535475
0.8068459198265666
0.8519802093331504
0.8442694000888011
0.8572667824473162
0.8418391382956063
0.8398584470953148
0.8103539227326815
0.8143849154652646
0.8636757348797323
0.8273656623533212
0.8609487495099815
0.8442268425764017
0.8537006437743424
0.8259809935782533
0.8493642217466979
0.8551488201735881
0.8735077001533413
0.831570526258381
0.8321666666072536
0.8591149346810145
0.8561639577371002
0.8179878149227289
0.8248584399452354
0.8543492231985026
0.8572192326774152
0.8510186757093445
0.8471926905410946
0.8485986530999707
0.8520473643281179
0.8235315361225004
0.853639027199
0.8620902550902333
0.8506814808533223
0.8444993696302058
0.840297132977746
0.8568426812720702
0.8729702476309521
0.8075581072466047
0.8502216178389548
0.8663667312518186
0.8615156059748748
0.8731950001820088
0.8060173615054497
0.8423317187106063
0.8515292314052919
0.872037775327249
0.8438514363870988
0.8709071997875494
0.8481724480604218
0.8420029817413932
0.8518056027866141
0.8508054770503964
0.850816065091515
0.830521207347949
0.8708160875843163
0.8618879372071909
0.8526094659385169
0.8668712198700572
0.8438704731720981
0.8395602729823949
0.8505226163385393
0.8166046972259815
0.8540102503157192
0.8470675388144443
0.8656007860105234
0.8439696635683951
0.8454699866555249
0.8424425800342099
0.852400034805674
0.848218244118406
0.8281968660247003
0.850593742472466
0.8363036149926394
0.8664369375914254
0.8600026902958172
0.835128135494956
0.8724363031669131
0.8519208651632398
0.8303876789901317
0.8101350744747228
0.8461516569197538
0.8274150857384953
0.8656939073182833
0.8428306255471322
0.8615080659715575
0.8453510264288255
0.8640886425864043
0.842014250824351
0.8768769317041156
0.8425661873742298
0.8544216177579242
0.8667733334275963
0.8414083178852106
0.8447378476904281
0.8449364610918806
0.8501525378251952
0.849144709043658
0.8426330442187793
0.847526278297622
0.8511404030366438
0.8579306207333601
0.8530257331346462
0.859398021484607
0.846023988551799
0.8494542457860303
0.8597719496083333
0.8611159020928671
0.868421925622318
0.8510151788810632
0.8369155127070919
0.8781288857027052
0.8539059738343819
0.8418358782019654
0.8479976004517716
0.7798127656494291
0.8297939638908375
0.8503855357532494
0.8163512392875845
0.8495970905030766
0.8483372385463422
0.7803884583584971
0.8487186622309256
0.8532081942682354
0.82895727954912
0.8578898103706448
0.8532364379221364
0.8485761711610348
0.8454601392267349
0.8635471846308231
0.8459585719936271
0.8469777415637318
0.8673016050327254
0.8694712355530475
0.8545433878182594
0.8382607003254284
0.8496258108282119
0.8639535701478398
0.8102472401258055
0.8666296967090666
0.829925553867849
0.8717335739750087
0.8668299678747482
0.8441921346350499
0.8598043789785758
0.8470606215854481
0.8590895018108642
0.8587132916069156
0.8752493424820166
0.8620262731358052
0.8558764160228212
0.8557401148312325
0.8348871769910982
0.8598535408942733
0.8208140356486702
0.8517339298809462
0.8481860659215714
0.8618872548616441
0.8555614478214677
0.8360431960861241
0.8359278905514171
0.8371491247040822
0.8586553327452913
0.8575113448371059
0.8481130299072751
0.854746555935321
0.854635530274989
0.8141147649451081
0.8336670944162327
0.8306985721457474
0.8502244729378482
0.8332586207204086
0.8262751584014374
0.8594786799080474
0.8599355713513892
0.8189733217460867
0.8237699524318003
0.8480227427876003
0.8482045252807264
0.8466672023288465
0.8454279453697428
0.8701344403470349
0.8332692740051979
0.8553231283909712
0.8483146378287362
0.8329939552928549
0.8594619507283463
0.8568935544323674
0.8327058797456512
0.8685723332813117
0.8761330036681516
0.8399929369620143
0.8476384372438257
0.866526563636886
0.8433670240251848
0.8584966521910242
0.8356035087733555
0.8620288852569337
0.8583339334961421
0.8575155156862474
0.827933248539318
0.8558911052693325
0.8558918332776615
0.8595327363451405
0.859157090651314
0.8594188239266554
0.8274141858204678
0.8416121170063245
0.8685726471529474
0.8196845401942566
0.8254893662508056
0.859065372857718
0.8525519216179023
0.8690767232788167
0.830123274654591
0.8216842288724239
0.8650763820524554
0.8325462145650036
0.8290385219819036
0.8666752841483021
0.8640401334735482
0.8624937118134957
0.85791199254138
0.8407635061245411
0.8468852940488956
0.8419157850878058
0.8385088617622664
0.8442594599221291
0.8455946730040423
0.8539081928402009
0.8302241036164922
0.843306846189192
0.8554327823415099
0.8533953154216978
0.8663551271168759
0.8526355179198051
0.8466748339345941
0.8422280276892125
0.8564956901681207
0.8384506413299455
0.8550393623625331
0.8268156693811299
0.8506270585840496
0.8588807224221574
0.8508194457220313
0.8683658301050086
0.8586813646230919
0.8498582351373095
0.8416834907740945
0.8455695296239323
0.8362791989666338
0.8590721586658686
0.8442781472320636
0.8115940506435635
0.8472813696642755
0.8472550090104198
0.8334885207923352
0.8646852379217999
0.830968888703914
0.8273542075917444
0.8378689341843444
0.8229613451981873
0.8295422984785172
0.825600210003936
0.8499377613924887
0.8643472395102855
0.8575867381404787
0.8482733306121739
0.8554129672065972
0.8562751323557454
0.8304861013708427
0.8411049711643311
0.858963206213373
0.8290806870795576
0.854954199679128
0.8407938800169484
0.8516060600547647
0.8088610097493241
0.8641764669226223
0.8519650236016784
0.862234312249248
0.8530782217591397
0.8573375304069272
0.8508052754916093
0.8574745844726477
0.8510212362238077
0.8726871914555996
0.8552924391489263
0.8408497721779966
0.8582924100028363
0.8393712639084157
0.8300479036017752
0.8654351058163637
0.867610176995093
0.8560567934955703
0.837312548248741
0.8306166794282518
0.8398336055521707
0.8228799732836126
0.8492744878207903
0.8502713633174951
0.8304059144609834
Fator de regularizacao: 0.30000000000000004
0.5417794797191372
0.6772127672889828
0.6992594817002329
0.7700317269346387
0.7792447394840905
0.80278302304409
0.8017372800575803
0.7948865268608619
0.7961525115431112
0.8410943345448081
0.8198270854317
0.8053396717266473
0.8245888693853101
0.8326331588821961
0.8455883809248232
0.847515296093432
0.7747405866908762
0.7831379805492663
0.8046960818369655
0.8092709525465456
0.8003962728312743
0.7960779239238431
0.836398846626977
0.7906323470373805
0.8228540770638866
0.8124302789266654
0.8248517375350481
0.8098582014633575
0.801844487612534
0.8153231295127663
0.8251986532552029
0.8210393080776772
0.8291317132947551
0.8323297726184453
0.8409624545064494
0.80527644521312
0.8235617321829045
0.8256106783217338
0.8241039565080659
0.8302043764224584
0.8083770268370202
0.8270617262042024
0.8551289251920066
0.8417506387535554
0.8224164771718032
0.8469752134290444
0.8123457346447033
0.81699427393698
0.8053088430133801
0.8394868129712011
0.8022927754854645
0.8101485307534535
0.80268630483495
0.8422966416267338
0.8387462836605571
0.8093079999948607
0.8287959665596146
0.8212566691183152
0.8089545750482229
0.8256413378883751
0.844142706604007
0.8020549341815275
0.8320822121950193
0.8616315605855913
0.8295369463966619
0.8255589174213205
0.7726415205575761
0.8462755440402127
0.8344114837703955
0.8250726019226426
0.7997555222222508
0.8049444780286363
0.8182861927822309
0.815158588437923
0.8065221637626102
0.8245661188988157
0.8198469476446698
0.8011683053617222
0.8505416742149361
0.8039051087431475
0.8403277020495507
0.8446471214289097
0.8029917979651788
0.8034352096891629
0.7912173073929838
0.7887902468165626
0.8183281732681221
0.8093848250488105
0.8173240131976488
0.832896403744505
0.8271707821495309
0.8129440456325836
0.8313266002387216
0.8218806904195729
0.8368664866608148
0.8394593787866714
0.821849765353743
0.8507467695291059
0.8156362590949614
0.8548290880213372
0.8343705781609007
0.8434583001181661
0.833266336392097
0.8216464663753559
0.8457811178075512
0.8160208522300509
0.810496413348406
0.8476545774162061
0.81843787371425
0.8077706144117329
0.8365129249329982
0.8222665826333699
0.8067097268328585
0.8208983842559923
0.8170934537069268
0.809507912304692
0.836279039143202
0.8365901821758049
0.8059859161299514
0.7901638841903666
0.8216033082763635
0.8306392414750123
0.8200324110118785
0.8259733615272769
0.8349660168080641
0.8360142141798708
0.8275252397183003
0.8424037543903165
0.8212887329709634
0.8267283123106365
0.8364887150254647
0.8481961286211399
0.7987353558006054
0.8435453128742602
0.7943385862835639
0.8194384439815907
0.8475849508911022
0.8316313912553976
0.809429631928029
0.8403642817245585
0.8006231820837305
0.8085289653144612
0.8467378010858269
0.8154636509539532
0.8278056665355813
0.7968790279723
0.8434402575741856
0.8637208326937211
0.795423567097273
0.8411250389499243
0.8436653013246026
0.774220167378308
0.8078000515935073
0.8180141471519627
0.8129915096863884
0.840089122013905
0.8211986649691758
0.8091283679707141
0.79753524885336
0.8232656533365527
0.822404558265933
0.800269271215886
0.8602229464144797
0.8420539962975007
0.7990841418995088
0.8018804615674127
0.7952166218244386
0.8333597179926471
0.8507661822442067
0.8085767152830728
0.8122881593061061
0.7974938813747529
0.7759560455664753
0.7453766374295674
0.8365791352406173
0.8322338581806393
0.8029643650993297
0.8044735232712895
0.7914191686526907
0.8220106466349801
0.8427038159669994
0.7854393603908724
0.8561781963038255
0.8207946175689983
0.811839452106699
0.8326134875334871
0.8342153425113364
0.8176133470407665
0.8277633556133235
0.8005807533985196
0.8378422557925378
0.8071828393880478
0.8186705455886667
0.8326383575628814
0.8489761501851072
0.8383920864054109
0.8626846439997455
0.7882811683686206
0.776491589477294
0.8278192101527262
0.8246234393193124
0.8281392446986651
0.8318190253461151
0.8619827678081362
0.8216665976836175
0.8436844958327931
0.803883283220998
0.7949567073851412
0.8073733666839903
0.8009930321877322
0.7765412149652172
0.8133723845138265
0.8329213634151497
0.8464326465145199
0.860457982714447
0.8392796888462886
0.8271765721754946
0.8068810999638749
0.8263164646632264
0.8398988490414304
0.8152323636073996
0.8290740278778201
0.8339208000234759
0.847967965385339
0.8395394395814015
0.817971897384276
0.8486691285171466
0.8169679712047596
0.8429202685475715
0.8076126175865452
0.7966636283654001
0.8023788762613148
0.8146121319672643
0.8115225084837846
0.8160138492719797
0.8426426781389154
0.8245042261323314
0.8300633306340588
0.8395978887344876
0.8240327680993904
0.8083400051068093
0.8030157298723367
0.7829804971495594
0.8100240520530839
0.8131893820738023
0.825224078132943
0.8190470183350348
0.7954742320835317
0.8318487963872421
0.8113814733982927
0.8115607103942521
0.7942515761421979
0.814840779892557
0.8049417037015933
0.7773020963984314
0.8427449944012488
0.815238806386206
0.8276660773645033
0.8170351621059316
0.7916137284789182
0.7852920214264287
0.8465263125131546
0.8263578489273972
0.8363948778262399
0.8187662414717936
0.7938947639457103
0.8268193566499853
0.8260487505033431
0.8183455347425935
0.7962597060018501
0.8348697863707883
0.8198372890781179
0.8151662732872772
0.848965983249794
0.8334994264336016
0.8173650810589832
0.8572085352173463
0.8014846508976957
0.8162288381322022
0.8330638618878519
0.8017623189185519
0.8579530719354892
0.8489564383181598
0.8462860054299466
0.8089096635567994
0.7844989502705334
0.8197298453879123
0.7992197190143274
0.7950749985069536
0.8074079639482117
0.8059358947913753
0.8384799648491683
0.8364077767487539
0.8283366632174779
0.8390663786637725
0.8457045333365653
0.7955552524881685
0.8053889556260412
0.8038456756288996
0.8159364677132583
0.8338088543807596
0.8000008875271272
0.8397586201286232
0.8210688454009516
0.8256105494547865
0.7709976055138615
0.8318452554002249
0.8153043216354827
0.8322306174921354
0.810376155979515
0.8275165973242757
0.808143606837197
0.8375848202760052
0.829898834532413
0.8489812172779707
0.8365973858478867
0.8294152267457088
0.8309505671284709
0.8180362586961296
0.8380284527824061
0.8431029895619906
0.8198998354029001
0.8240031307681347
0.8110334809605199
0.8524378373308894
0.8510850779609838
0.8152130039017924
0.8038016847072434
0.8259777690049177
0.8175794879469857
0.8476251352218638
0.8265476247713088
0.8133657773624826
0.8469409761582067
0.8355414057155292
0.8473783777590361
0.8435216455054739
0.8391440388258621
0.8276798246220451
0.801582593150437
0.8240482648490437
0.82756631633591
0.8485178005517191
0.8114871765475863
0.7907005722096014
0.8245716326379229
0.8301212385405036
0.822651032114355
0.8400863705753799
0.8335123632158575
0.8386897391198118
0.7844731181597772
0.832206018651747
0.8319272460433723
0.804112570363403
0.8382420693846525
0.8192945491441395
0.7667297304272653
0.769619654353648
0.8122975623522348
0.8399636877300919
0.8165772870256548
0.8024582114536646
0.8439093589679276
0.8508690206803079
0.7641829298956103
0.8206702069260865
0.8272223060497076
0.8087916201759274
0.798749106240629
0.821190272673191
0.8233108095921766
0.8190288062565431
0.8495772002813974
0.7989827969496817
0.8401111528531906
0.8424073778988854
0.8218223394110555
0.8219758450890831
0.8264804430912092
0.8139646601776214
0.8413237952668091
0.8389631574452776
0.8227437402021873
0.816495467887367
0.8101640720593208
0.8342822332909954
0.7908046910494864
0.8147417817646613
0.7812500030075764
0.8272849364504818
0.8439282761377076
0.8284917296743668
0.8154381812144134
0.8418982384226871
0.8342777706201266
0.7981364209787698
0.8040763093565457
0.8073524985601901
0.8156433964713005
0.8332617917606427
0.8052644750319612
0.8576844469087053
0.8413121620739051
0.8281877690601693
0.8554748232914481
0.8679006123809587
0.826857682263255
0.7888177219393306
0.8072160581683235
0.8100532486447667
0.8261992660637347
0.8125798431358792
0.8468849167994854
0.8474842795758019
0.8418662186105145
0.8061996900149279
0.8302076449029869
0.8191572434176262
0.8206083017905021
0.7915835832253136
0.8357770162129755
0.8384116219503
0.8155461561601056
0.8376042264015441
0.8302600161931972
0.8410734868298453
0.8352550782279919
0.8341467392358458
0.8082644628376281
0.8439956613715053
0.8303302054111577
0.8238160294860405
0.8195409321165703
0.8068818969433597
0.8443494248842869
0.8329729722708985
0.8321441508313885
0.8195786931040789
0.8299482494746675
0.7802441474956716
0.8202276834152927
0.8513009814516732
0.8123096091868135
0.8219232766838378
0.8141705510403614
0.8106880848010549
0.8246205130628054
0.8364361780089121
0.8256381412006346
0.8221195523844814
0.8248393081583396
0.8352634485921004
0.8346052570323004
0.794330770152958
0.8426770600750728
0.8103498874432752
0.8218431930354344
0.8437289869178415
0.8325341558406713
0.834730021683318
0.7907991722427674
0.8297687673020503
0.8354906678841856
0.8061367795154833
0.8071816694368618
0.8590463906150967
0.8320189879732908
0.8489209994078367
0.8416296840933206
0.7851326638292365
0.8158518702666642
0.8304687504611868
0.835444595534837
0.8283808020959285
0.8194975012059593
0.8153892032753001
0.8221789239460614
0.8045255386009625
0.7870790997022211
0.8281167352003086
0.8152232671097679
0.7939068424060371
0.8431777516033637
0.8115933270916871
0.8380032170305322
0.7724134370039023
0.7732509710479999
0.8205864618993296
0.8173328672301388
0.7699760178526625
0.8291104018354047
0.7859609692089065
0.790694419224154
0.8301453232566475
0.8317501394091392
0.8283389839982874
0.8051255540288793
0.8310691863116795
0.8421802482216123
Fator de regularizacao: 0.4
0.5080649128070582
0.659181688959747
0.762999919104941
0.772482701441396
0.7466368074508841
0.7599778887129738
0.7989997073633534
0.8083421672422026
0.782787396477646
0.7915819301700333
0.8234913640004343
0.7614109580106072
0.7772427236740047
0.7640368804580635
0.7844818806468252
0.8099276404939617
0.8020706421165261
0.7707716357380232
0.7771729219266594
0.7662843215014823
0.7929811791003886
0.7895377779417528
0.7997292015090169
0.7603132867528253
0.8088065797717334
0.7552292714007705
0.8200929485781507
0.7998182535092256
0.7882889367853506
0.8013641575328398
0.7897683552481414
0.8067950337133494
0.7929040427729519
0.8155939113559916
0.8071609468222881
0.82453983110814
0.8242543888949718
0.7825010230091569
0.8490465774577277
0.7262995389261212
0.8145573633757328
0.8207051039686561
0.8028322004621777
0.8102541208408647
0.7524024144720739
0.7977552766774453
0.8034135302591136
0.7827712710079926
0.7810309727160349
0.784825513140309
0.8261609065450802
0.8081815300821951
0.78716501029544
0.810298566871262
0.8000021567406547
0.8085547358213404
0.8000077330824485
0.7704004614541817
0.8216337932338108
0.7567063105865401
0.791913638567703
0.7818793706887683
0.7880609536996854
0.7475239116226351
0.8119120210766173
0.783525446071365
0.79844105678077
0.7961970612228529
0.7808372507326771
0.8179097575211636
0.7626546157883556
0.8004642967159012
0.7609969940542616
0.8224690548864435
0.7893366145421028
0.8182854511922436
0.7925385169175682
0.7520944317643731
0.7628154042252667
0.7786100844255668
0.8062384302245442
0.8238038504331184
0.7965913725478406
0.7514654419460683
0.8023097074740134
0.7922395350802791
0.8121523389602079
0.8048904483272628
0.7447076926418088
0.7627961587738795
0.8164903388432799
0.7742946965470352
0.7792959299480487
0.7920498913337501
0.7817852072776597
0.7974633886320601
0.8002682316277431
0.7988827102882654
0.8218082883765581
0.7895135988618959
0.8132404626377341
0.7605734130125025
0.7617954426889451
0.8164272236502986
0.7924449297256675
0.8048794683659353
0.7512277472803788
0.7989332514821079
0.7807262350572544
0.815171989352779
0.8059907371287534
0.8222246446677474
0.7382827814957376
0.7735535366201624
0.814545720545965
0.8088031499786904
0.8567087767561435
0.7995171980819664
0.848371526107744
0.7741537894984036
0.7671062890134023
0.783159664590648
0.8153181545604055
0.8520818246938754
0.7685826380249836
0.797545047906877
0.8283055238228261
0.7915423110388397
0.810267362786828
0.7791353693795814
0.7966842073608003
0.7820852158562898
0.7628416890767094
0.7804686190549106
0.7918801032036326
0.8243575021744336
0.8131533580121515
0.7973425467736218
0.7566074461821513
0.7330151769161897
0.7748855126715265
0.8182462554666067
0.8294537261511777
0.8063300054904431
0.7916063632691112
0.7847316912484026
0.767878073706765
0.7866268250489291
0.8104571398886792
0.8029318588134524
0.7941518380769732
0.7734082934874843
0.801944753844192
0.8002175370879726
0.7986882763985188
0.7550258703006382
0.7990523342167104
0.7917564591219075
0.7731441405747361
0.7916389570453785
0.7729391885419947
0.8068355306736367
0.7984457662081414
0.8121054543935035
0.7628876407818412
0.7964005041335493
0.8083521059117832
0.8132490128754688
0.8044248742351309
0.7409976024880456
0.782425242382859
0.7798238714891557
0.8027384968775049
0.7623518723998928
0.8178542322906781
0.7671968583738658
0.7428868942546145
0.7559729316952326
0.8070647763074795
0.7777355807038819
0.7844394826675638
0.8126611809500716
0.7680723005258387
0.7767862345340968
0.8182151588200508
0.7580019035026063
0.7951639670019954
0.7709974696999744
0.7526675786293368
0.7570759730772076
0.8179188025710988
0.7789802474114569
0.7704007564811807
0.8115379096649219
0.8254875401208656
0.7918038210719593
0.8075400745666214
0.786240011578765
0.8075419906421215
0.7839482962796152
0.7940800351903978
0.7385788330600402
0.7772256709725563
0.8305173514494835
0.7687716854015781
0.7832744602898275
0.793307516515768
0.7633893917349859
0.7290715249752717
0.808198526642894
0.7456993441849601
0.7309089910170445
0.8203238496600356
0.8090744849348928
0.8112685631099609
0.7849768399068233
0.7883137170163865
0.8355079667611782
0.7812267583530654
0.8223436221200172
0.7902851784532021
0.7747057811840469
0.7426604512874213
0.8148507610878178
0.800358751076183
0.8020946645728457
0.8186676509496655
0.7865467099583558
0.7941310119364113
0.7801636672875638
0.7831565305367358
0.7945905145962904
0.8108855394018015
0.7867761208549562
0.815231806520132
0.8016861215224808
0.7662083286492495
0.816973392464378
0.8076621528157147
0.7898487114231281
0.7955253775504154
0.7751055696442639
0.7549234990527706
0.7866495115097143
0.8030067712509833
0.7926515008490336
0.7795430697710737
0.8089744757568514
0.8019247790580138
0.7902839095482875
0.8306476909071743
0.8127675597000603
0.8054874074108577
0.8029677971184789
0.7673115951596964
0.8176211140557331
0.7782135795826962
0.8065221937863081
0.7982781003897425
0.7915359701338802
0.8281120946874221
0.8270822826376187
0.7900280407540358
0.7982487651888068
0.8398673106527165
0.8094743301812646
0.7909129751270739
0.8179412763743024
0.7870805320118193
0.7668607173476196
0.7836094173742072
0.7279519445913218
0.8261043198827644
0.8098260952550351
0.786836604029161
0.8044978657261102
0.7955522149701271
0.7772307357055271
0.8047141506283442
0.7565068956292316
0.8183176577841289
0.7461924502463023
0.7824599894333797
0.7729438318100252
0.8023337734227768
0.8067548155232493
0.8239668096600727
0.7768916821340615
0.7718148654722343
0.73326976293277
0.7860930473592014
0.8225481863774935
0.8166389863246998
0.8206604844774151
0.7826012609282986
0.7314812935674191
0.7899057383285208
0.8237973596071481
0.7943613689358751
0.7671010246500443
0.8273441153544004
0.8265852432610892
0.7876443638151589
0.7783510919677313
0.7858034087810426
0.8194058042171944
0.7817428395019559
0.7617513623673273
0.7494901045339641
0.8052010924508591
0.7508656235679779
0.8070023016824
0.7923283831551406
0.7994121996971237
0.8025349235020649
0.7710199391539656
0.7516928938696216
0.7907053246208694
0.7747715610314324
0.792531151053352
0.8092335002159483
0.8008285839180174
0.7342118629136317
0.8217555388800225
0.7775253119286913
0.7606033009126552
0.8400027449073703
0.8020295305297427
0.7320672644866755
0.7845546578590608
0.7901267161591319
0.796989034327751
0.797931944876524
0.7988361416675793
0.7964915467287671
0.8131773056208648
0.785412184702678
0.77923683722863
0.764686450984813
0.78773351653018
0.8011193533888852
0.8091356517815592
0.8002589574076027
0.7948381022286316
0.8089106353079151
0.765257041306905
0.7961627455333966
0.7571039213510744
0.7903526929363425
0.8416582858119226
0.8082402189093107
0.8169627450734345
0.7688000924124696
0.8286172979716337
0.8257584109358552
0.7611203945193167
0.7873642888926946
0.8050410683343919
0.7726547633042152
0.7958227628426017
0.7922413885936618
0.7840086498038317
0.768505060689721
0.7956858919622413
0.8259083261697485
0.7788467219999647
0.7947044629774457
0.7511978043335714
0.7841878641718484
0.8088830061175007
0.8267456673439935
0.8041928496433307
0.7847127187047119
0.7832427836652471
0.799029425590155
0.7951672083280605
0.7611119217039499
0.807931086062975
0.8159117967523091
0.7659253211449981
0.8155570016499182
0.7879342555192888
0.8071623345057442
0.8183597047096318
0.8092042197045373
0.7994151217740179
0.8047306365842244
0.8217761307082071
0.7993180769685552
0.78433371562204
0.7876109688766214
0.7882754542894073
0.7948028528716373
0.8025104519268135
0.7854232976820658
0.7943715980796557
0.7991507734860079
0.7846088445515924
0.8349379714992606
0.808204524989733
0.7729843441575115
0.8163713110967665
0.7430822737638532
0.8006681987460054
0.7473814151089927
0.7680399713866037
0.7849522336484622
0.7971496950067049
0.7586624954551238
0.7618530119515178
0.8438146040934967
0.7719763247754281
0.791751967946747
0.8046812137611841
0.8130277497115376
0.7801269036150519
0.7713532743068274
0.7510568870984992
0.8140289740263942
0.7954437027859772
0.8132246190290175
0.8338997673474307
0.807318872852836
0.7726201410940996
0.7591922181845348
0.830858633362668
0.7676794076663647
0.7958352042529382
0.8190251621757657
0.8232407041995533
0.8197833366324645
0.7921444225878291
0.8249305023582594
0.778496454001934
0.8009700839891867
0.8137216156712974
0.7941956373441758
0.8047478691364789
0.7941592253147306
0.8095244081123585
0.81195213718619
0.7534204073806128
0.8097867187958474
0.829120436003777
0.8053665464303666
0.8076826273566372
0.7737337755300759
0.7967655949739566
0.7940890971439114
0.8037402801433565
0.7957329258430047
0.798750896358246
0.801606808524914
0.8256560263921446
0.7349258105882301
0.7769537070941632
0.8153572473628872
0.7697169210050936
0.7764079987882164
0.8246934816607802
0.7744680470528843
0.760238375864233
0.7637414955546828
0.8069545797545986
0.7441202069148917
0.8519013592268742
0.7824250380613581
0.8059020655128032
0.7807913086702493
0.8082167640492892
0.8037483819082034
0.7954557379681535
0.7974233538743845
0.800280143725718
0.8072920540345025
0.7797044368877646
0.8012915730229928
0.7834593001679593
0.7965138271693102
0.8144592870990508
0.7647526841569116
0.8074396622193237
0.767432023561106
0.7989660835494534
0.8085652771296538
0.7951818518400852
0.8216419978845153
0.8147060902238609
0.8032862001863214
0.7639361874373035
0.8022180753481342
0.7712067929154196
0.8168105225945025
0.8051910503033689
0.7451583545021745
0.7640787642773026
0.7672513494577587
0.7558521913986488
0.8092222675149504
0.8072969066625731
Fator de regularizacao: 0.5
0.5582918047401491
0.6891089682825312
0.682797211948912
0.7375061297917929
0.7646787049321836
0.746072149551153
0.7567329092537244
0.7706869153323013
0.7656127274815303
0.7670490549237877
0.7757004822463729
0.7753565788966805
0.7698493001407379
0.7335446442679283
0.78417691494413
0.7769924340686274
0.7874140102271757
0.7332583359457431
0.7524991023860754
0.7880785069962061
0.7613207214794374
0.786080245379484
0.7760947294867819
0.7763658476033142
0.7583089168433397
0.7584441592950197
0.7928481770736389
0.7800812627010266
0.7794068879734705
0.7097233076762703
0.7785626906794478
0.7801860272185509
0.782048391433133
0.7638885108848269
0.7850177069609985
0.7457848723938632
0.8077414976007959
0.7593921737423867
0.7504155136688977
0.7917552519315878
0.7146715945969875
0.7606252231931593
0.7526949076440782
0.7982246773182637
0.7373556316097283
0.7303207700322115
0.8184937212331331
0.7677164824283713
0.7542705002235085
0.7860484719310018
0.7870165565450361
0.7850231469166936
0.7822702095029391
0.7274487364950841
0.7429757183515813
0.7583800868411252
0.7833740610838721
0.715949298364243
0.7234161463100997
0.7542834501279139
0.783538247672255
0.7750625983268632
0.738565073431498
0.7635198144574387
0.7980932780667138
0.751977361550364
0.7529506464340178
0.7587085407350221
0.783587005367847
0.7867580453083329
0.7493061603384075
0.7529125688306477
0.7609935317191059
0.7903073376656138
0.7716854872556684
0.7737417859209162
0.7650506184109039
0.76580256008642
0.7674137131913915
0.7528890582297173
0.7351043728977138
0.7605191539500699
0.7647766372950423
0.7915766822914874
0.7185272502280677
0.7848140754127475
0.7800838601976462
0.7739737233818903
0.7535646175542869
0.7553018448746569
0.7734997955619902
0.7701918391081103
0.7446291626038462
0.7938863494000437
0.7516017765666748
0.7359796062610713
0.7550123139569161
0.7967181264222353
0.7503566730212448
0.7481100236414884
0.7833868200603359
0.7804402209529793
0.771147300511375
0.7461826912900222
0.728323890773317
0.7686501507395586
0.8008317482053291
0.8052309711870398
0.7192887180947146
0.7483526485164204
0.7627397836163942
0.7526767384221233
0.7267936978641915
0.7231076396471974
0.7568758415053651
0.7566085214231366
0.761303000087032
0.8026282813124916
0.7093468591408224
0.7298881831814686
0.8030715259285828
0.7760441502954629
0.745056962378509
0.759978937310114
0.7671205838992105
0.7405922197175487
0.7486176398902037
0.7439606032317967
0.7458979080515008
0.765035575732636
0.8299286039055639
0.7061876676447705
0.7573197854444464
0.7348923412388674
0.7561504796071032
0.7768460129001137
0.7493499067573698
0.7418269430087362
0.7604196146244551
0.7776550190943645
0.7764770126221286
0.755854186100893
0.7283644924630165
0.7246682226376985
0.7719577951413316
0.8086501117846356
0.7556152007183289
0.7718919279558799
0.7734907475534306
0.7795868909909058
0.7629533404869322
0.7761597876948034
0.7877584146786129
0.7939121015754076
0.7574954010232682
0.7838141625322231
0.7854910643791773
0.7821426195365562
0.7995132706236302
0.7763955770709526
0.8262708486044399
0.7638371396488394
0.7850275997143065
0.7671325810296399
0.7637962255352377
0.7663063555317638
0.7986337773761024
0.7879403255174741
0.7774585233053862
0.7973672953123887
0.7819043852051051
0.779681085444538
0.7400914210997153
0.778576610358558
0.816676244751817
0.7888246976966238
0.75645595568185
0.771413706050328
0.7488353049211323
0.8018345280701578
0.7711617331716225
0.765099933631448
0.7500746362005952
0.7478448269973388
0.8036741185206031
0.7679100305688324
0.7563163468349158
0.7943267519587298
0.7912871445847159
0.7782008680949953
0.7560739257152853
0.7830830923142239
0.8050162027681956
0.7274561920415173
0.7975951023332256
0.7886212033194339
0.7332245166477385
0.7520901272054191
0.779848025775671
0.7840981391644594
0.7900717594078233
0.778687291884167
0.7661129313452939
0.7534046012927018
0.7182114186903915
0.7203224687504635
0.7464270556775607
0.7830873764589107
0.8025559121059178
0.7505935716649536
0.7546003235377372
0.7492190314512456
0.7843322182905175
0.7384660962903158
0.776032595589922
0.8025113454859213
0.7717410257288084
0.7241798329214655
0.8013994402592981
0.7841636434989943
0.7778745493143526
0.7773159108675037
0.7985897959435888
0.7575739912619452
0.778175577698188
0.7213800682280141
0.7721510555538506
0.7853272217027131
0.7397815153780927
0.7387481173125711
0.7492202282671001
0.712304389731763
0.8060344124803154
0.8056798236361781
0.7272498276127413
0.7893303486486902
0.7503087473641857
0.7511616216138226
0.7765152521805877
0.8150899475351352
0.7890404490682996
0.7966667327635572
0.7567457003680049
0.7948231726986756
0.7599154799616165
0.7741347629157136
0.8001742222153345
0.7939356840299435
0.728103030225285
0.7665541049250348
0.7228137111727183
0.774383323446657
0.7900459823738302
0.7872978484624016
0.775531638352804
0.788494188224242
0.7693086988072546
0.7796450239794356
0.7497921586886863
0.801874923167085
0.736457878899718
0.7466920356975097
0.7627980800914613
0.7647804848818636
0.7669121602386543
0.7500592052306112
0.7719775826378455
0.8179182469071472
0.7665282838640106
0.7878568925904297
0.7622738124824779
0.7388771657101263
0.7685293547757659
0.748408371018068
0.7956232192000335
0.7553520774546203
0.7421528676645182
0.7667396820054125
0.7483517652151397
0.7778895063134244
0.7706187995425728
0.7696028445270968
0.7540966205783778
0.7801759947869049
0.7620611113441529
0.7375072355757205
0.8098249465246775
0.7806844425216604
0.7390550135353601
0.7528143015411575
0.7860629762662714
0.7575957689090217
0.773802851579526
0.7442331068406839
0.7729790612396423
0.7808132372561737
0.7965526079872584
0.785166564989906
0.7684678947187764
0.7458405326100764
0.7963552403711315
0.7679924432582357
0.7490959889937554
0.7855209205280891
0.7793303492823888
0.7608984108981038
0.7406767925645343
0.7887953211966188
0.7794872406756029
0.8097193402755998
0.7353967042420972
0.7752757453691478
0.7627443696932384
0.7726044671164807
0.7311347847314851
0.7501109684909428
0.7576546810727217
0.7304975310131013
0.7690700447334919
0.8023284550949568
0.7955393526844723
0.7628023592907633
0.7717677000274692
0.7471721625307313
0.7486989242003392
0.7860288552460437
0.780430995309963
0.780353262811329
0.8023566093740498
0.8056131313295622
0.7496811148526584
0.7864000192364868
0.7663848046250628
0.7754505608565612
0.7997903339427441
0.7463823958287186
0.7721666155806549
0.7578975594001065
0.7819504264623485
0.7546579525352304
0.7872058099883495
0.7883483197612036
0.7883098990844984
0.7906739060938094
0.7097552200075805
0.7585811951265946
0.7318964036484569
0.7994139355473264
0.729416849180697
0.7378263203447795
0.8046051744460556
0.7787348809288056
0.782330103035352
0.7787208706401185
0.7555736711878775
0.8007331909992145
0.753101177442205
0.8132542322022068
0.7922298785007859
0.7656881482229279
0.721572711586316
0.7507142568197102
0.7484220419726936
0.8218428095805548
0.7134425996366525
0.7869662652128853
0.7320085739212414
0.7795680199985934
0.767466029550778
0.7781340572755241
0.8008278501081489
0.7522961606044529
0.7762155672475226
0.7657655381440139
0.7406477900345527
0.7545760540532773
0.7624063803727618
0.7514185446052928
0.7516522475846447
0.7819351475805416
0.710293297984084
0.772145262128684
0.7223314554252753
0.7900549097775731
0.822305947396079
0.737536116574933
0.7527482718254838
0.7173970383170609
0.777949791377377
0.7581368003662355
0.7884364332123637
0.7822248047038896
0.7498042785740875
0.7605076766412916
0.7830266202293477
0.7544047482552775
0.7887298900571652
0.768399032764162
0.759727009852001
0.7395123609327473
0.7433304934225623
0.7680744060749112
0.7394868023058796
0.7446955622048629
0.8048059561715094
0.7760259627775535
0.758382063744768
0.7585536001790711
0.7484691442587923
0.8002402004530398
0.7578224854227228
0.729431204026288
0.7820424952261105
0.7700247534680911
0.7749987890574112
0.7770333198331205
0.7024756677599374
0.7492445258380049
0.7811825419290381
0.7585732742192091
0.7739754464175181
0.7357349845771916
0.7873861479165576
0.749986155232735
0.7438987655697316
0.7713488552317744
0.7525753343795162
0.755759074938504
0.7286745264561022
0.7608796625829874
0.7385840083196558
0.7479590734352666
0.744350944913941
0.7549180835857991
0.7547280820908449
0.7782364752932109
0.7702748347469751
0.8023935299053141
0.7634533847126264
0.7835745564011645
0.7535526180258705
0.7518566888179217
0.761555014140712
0.7475341792241058
0.7817073813650628
0.7441910542222847
0.7323683499097136
0.7500620975089254
0.7490116575492822
0.8262594621049727
0.7237263398830523
0.7545396256457818
0.7912330814879008
0.8012462121806138
0.7878024019800633
0.7638938832320541
0.7373216198152511
0.7915034487793893
0.7901299773371842
0.7899231954217513
0.747491786080271
0.8062430150486082
0.7353709205133557
0.7306806497346395
0.7559440942261514
0.764046432153236
0.7624028297018668
0.7670184534043705
0.7464625270885017
0.7435503149427034
0.7677909873388644
0.7357250135129287
0.7850492277699617
0.7788960366868836
0.7764510985662579
0.7743535145916306
0.7323775584417999
0.7829982524144998
0.7735865156666106
0.7669034392529095
0.7699767588510654
0.7552829738595831
0.7370863840556128
0.7864647229230147
0.7756345965602458
0.7137874551187335
0.7709920469073717
0.7539819670550636
0.786550999923357
0.787169537174863
0.7650152877406942
0.7583829693635037
0.7745531747978874
0.7560692275817247
0.7779314267610943
0.7650129920990355
0.7640006184883825
0.7654851790999045
0.7283945597357201
0.7539535861799243
Fator de regularizacao: 0.6
0.5394272940266857
0.6109187292338134
0.6406420616971905
0.7313256993788457
0.7759590355988898
0.7140843623254151
0.707920934759324
0.7755772594382172
0.7074871671243907
0.717779284267767
0.7764231342054879
0.736782500286138
0.6933330007299604
0.7575162184670041
0.758632758677337
0.7300086911432778
0.7529654565541966
0.7339757429425452
0.7434009344803474
0.7493990901207062
0.7565284410763338
0.7751147443940021
0.7435742721396968
0.7123692852773467
0.7304167614134106
0.7378143301829854
0.7451385853623298
0.7323645774488259
0.7819818743141507
0.6991365149401818
0.7276712089428332
0.7704272164843926
0.7525884509797284
0.7214763142217031
0.7519192664509067
0.769154333278081
0.755070165716663
0.7353207857883023
0.7472923615038537
0.7359390670908061
0.7431118136796645
0.7567476548805481
0.7141440601760334
0.7481703236742265
0.71465006434321
0.7078898450238026
0.750296478666258
0.7384221084064634
0.7509148668163247
0.7716893833247364
0.7347323875894184
0.7354853541325526
0.7311435130387918
0.7208330633075803
0.7788205051000323
0.7228334591281055
0.755885541335202
0.7316591805257717
0.6997935447993677
0.7570645459125368
0.7245278115432646
0.7433203907615082
0.7415496043929302
0.7141286288370046
0.7141189541564705
0.7366428216410276
0.719233058161053
0.7587987545239766
0.7550965923608806
0.7128302327595752
0.7340739155265008
0.7176061192307983
0.7304084203036763
0.7724524069014878
0.7488382362528196
0.7642577522693105
0.7214970013799705
0.7232704233777049
0.7808302701500962
0.723015543257653
0.7111649004109627
0.7843859049308637
0.7413994097664747
0.7486541374522842
0.7248322392394441
0.7579593059241269
0.7320738654259149
0.7646843213397679
0.7582785607171492
0.7180440620547575
0.7873499682450339
0.788946643465081
0.7462352582466466
0.6922773339405917
0.7377403355186534
0.7390966719754278
0.7227215410565446
0.7521665454512378
0.7264239740584308
0.7516329875926279
0.7744033152740287
0.7192937561351712
0.7360288783165223
0.7053784489042142
0.7412182447661935
0.7759429119108812
0.7243517762553731
0.7555092563871886
0.7585312542591487
0.7461514497361446
0.7304394052389492
0.7508077401682691
0.7338793057497327
0.7497599204363343
0.7135955799683413
0.7341169407634639
0.7595188372178775
0.7160753830301638
0.7837455228259096
0.7367718670555179
0.7900826993621
0.7405505341559452
0.7358585977095116
0.7769621068622999
0.760011529665794
0.7205797184149179
0.7624667268043765
0.7288301614278223
0.7386686955677871
0.749343972586377
0.7255790911332269
0.7307090292199531
0.771506841464355
0.7114976511695107
0.7543690060579468
0.721711523865501
0.7412136382193857
0.775328872237953
0.7297711135564355
0.7130764561722827
0.7429716610350837
0.7304110771707185
0.7238149826307722
0.756731819708241
0.7274321795906287
0.7474466128812367
0.7210866080116972
0.709181878659237
0.7358227376285018
0.7345653411696702
0.7638816558612869
0.7256403397880106
0.7100333600232063
0.7398159124384824
0.765856533331262
0.7243437430525972
0.7695733377116856
0.7833163949732669
0.7266520042117524
0.7508021850304102
0.7054236764417745
0.7229382586188625
0.751692013699777
0.7379748437937758
0.7337495421691385
0.7152394957843458
0.7324607314411729
0.7586126402158759
0.7638728754083622
0.774333118665145
0.757344194766735
0.7800825323382807
0.7107441898615128
0.7637170935579048
0.7358254838701402
0.7336779070011799
0.7141409904215614
0.7111879612262857
0.7013442366301905
0.745837618173085
0.7407426099820311
0.699365249556238
0.7395977528659318
0.7195646693217779
0.786678406321001
0.7542497507371059
0.7690705931141709
0.7801984159220648
0.7320288538689398
0.7411577451965629
0.7436753547229713
0.7253481213580477
0.708510944749335
0.7595614142496054
0.7741095125739089
0.7376510792389427
0.7085462808347225
0.7170666709881
0.7223129914087043
0.7503801387345501
0.7200647321849369
0.7288248478584469
0.7185741634024134
0.7164417190704476
0.734519703927013
0.8101897973992223
0.6967860218776896
0.7680609172053378
0.772624871194415
0.7079748370651728
0.7340008056634144
0.7736339188289689
0.7500805534339556
0.7588575569937376
0.7183049782384285
0.7263775880247993
0.710599620605203
0.7277341166972666
0.7334852395488575
0.752311124600947
0.7436342568511563
0.7387481925635008
0.7460224950878639
0.7476563133062377
0.7472933045526526
0.7892561782129635
0.7741379809145561
0.7375773595336069
0.7280751451314238
0.7593200034677702
0.7264832981143842
0.7484195797276787
0.7303913612717816
0.7548632499685833
0.74118430319307
0.7540953143199911
0.7469930238480619
0.7187943189328401
0.7622068957272665
0.7740296203809236
0.7522742237388634
0.7455833204320161
0.7688437309417857
0.7145882042970757
0.7600305795749002
0.7203792074630494
0.7500693382606656
0.7128640299426326
0.7096791230848897
0.73839225592642
0.7313066118863081
0.7626984639084748
0.7635873949401702
0.7128410837316689
0.7505059583078417
0.7137197346643432
0.7266890811664621
0.751069205066879
0.7429618443285803
0.6963698277870719
0.7327608859569661
0.7460878089072704
0.7526972976261284
0.7170997922702388
0.7166414170020744
0.7123049654579012
0.7672654125647393
0.7104677979907195
0.7481876496567188
0.7175662193224974
0.7847808003223756
0.723997325177371
0.7232345936042651
0.7271240466563491
0.7783290052546937
0.7070524620321368
0.737798656330121
0.741610942517586
0.7433071979003004
0.7719507845108475
0.7417246681757106
0.77006134346658
0.7102214999826305
0.7816813065895485
0.7629195551216517
0.7859983525246209
0.730160228635499
0.7888874398298368
0.7004766241528125
0.7056189385609968
0.7434360112995024
0.7413880716252225
0.7659122940482819
0.7146459674594887
0.7132498604603869
0.7071346511680879
0.7413114564923516
0.7383062158021991
0.7760383717723908
0.7312713747111333
0.7809904230653212
0.7320323264593751
0.7809801865895102
0.7462576306339546
0.7279909535908338
0.7911462774416809
0.7196914254945036
0.7553039923222202
0.7571493059627596
0.7567477242089664
0.7327356213450879
0.7241027625338172
0.7384455118065348
0.7421732312318903
0.7378231072803301
0.7102017762193874
0.7337821826457163
0.7076654463256485
0.7027592762255258
0.7174680993819869
0.7380016542777502
0.7633434093163174
0.7253697299023216
0.7372510349210019
0.7199512771244082
0.7609670856440027
0.7153746859051681
0.7535248426853923
0.70196004610918
0.751664392704208
0.7662254290204572
0.710471741644169
0.7047529903752421
0.7210616234832303
0.701399369302829
0.7700042220387735
0.7446437665146253
0.775939771393207
0.7784924409891939
0.7635863253318973
0.7531466905189379
0.7584040806496868
0.7719738857918691
0.7316704409371467
0.7264333059098174
0.6998116666850157
0.7782362379752555
0.7364145936385174
0.7709904211325117
0.7153026402119452
0.729275514153929
0.7552225568091908
0.7161124350464103
0.7320270246438284
0.7292847897434287
0.7486076749422033
0.7451385951252583
0.7749083372534755
0.7716651337480916
0.735010860224256
0.7193816482640868
0.7594703446715478
0.7804228633911788
0.721606480352397
0.7453784689611912
0.7506760425641683
0.798494658706054
0.720721440887506
0.7156441546712867
0.7687582691279108
0.7278819755473065
0.7521542305136902
0.7314544898365153
0.706491139350296
0.7342867977855149
0.7852211111527587
0.7322250836876713
0.7492082093860065
0.7477252248941365
0.7546604108717258
0.740894881104666
0.7593358171642489
0.7555052210634029
0.7569737136456822
0.7206382597033812
0.745104431161829
0.7173228078854906
0.7609399410589637
0.7907474638973737
0.7226346661737997
0.7681708102962117
0.735996665599448
0.7824085894589656
0.7413522407611012
0.7135754771920229
0.7468896506604537
0.740547825132382
0.7632777696634849
0.7589379050072612
0.7530854025161393
0.7503684086657062
0.7800680349068456
0.7417610286740749
0.7277010776043429
0.7605153285153521
0.7601524994483281
0.742638023340765
0.7267637639312576
0.77717285600891
0.7114964752132973
0.7549428098979533
0.7194904065881893
0.7472440354581108
0.7252881586851405
0.7637224462140797
0.7051674204357383
0.7036210828991849
0.764562616646375
0.7434293882477817
0.7522262297373837
0.7491218993475409
0.762856785580696
0.7381196121384971
0.7262386331701568
0.7511921642463286
0.7137363803534136
0.7366530861805718
0.7047023140694029
0.723160686941453
0.7315292257221747
0.7270359675980288
0.7319161615102137
0.6981070623405377
0.7288120297751488
0.7916617613419203
0.7423928105065215
0.7535673711796048
0.766682596375381
0.7392573371401397
0.7340436921902276
0.7386179305647118
0.7193341677915874
0.7079315187052818
0.7348516170382752
0.7406932026136681
0.7611119704627985
0.7525147490694529
0.7207330636791156
0.72342657846616
0.7662761096460786
0.7213941433803176
0.7172807555862761
0.7453258768606836
0.7127013164314392
0.7469958637380378
0.7546624967149065
0.7616126891175781
0.7853565488858438
0.7748092010506807
0.7642771500622747
0.7235105812521645
0.7153574088511002
0.6970265167824283
0.7243454302133105
0.7568287766683148
0.737254910570903
0.7286507925700624
0.7133940294097434
0.7432914966644087
0.7326892036566464
0.7114488042988931
0.7579225898841422
0.7448436490905707
0.7603267729967798
0.712652724431263
0.7164838238075917
0.714838730937616
0.7043416283692908
0.7546847842954069
0.7599519217448096
0.7574467757202461
0.7242912709637084
0.7231834693409233
0.7099879546262022
0.7545929531707984
0.7486947844516698
0.7680547414690533
0.7294224547403227
0.726241538609984
0.7463037171428081
0.7673093976510822
0.7548328768476431
0.7485560309151517
0.7491458285371361
0.7491029405788782
0.7331416395401564
0.6928127018910724
0.7511003729609627
0.7755651530088972
0.7434428858107524
Fator de regularizacao: 0.7
0.49412817251141644
0.6167274200459347
0.6916821244805579
0.7255450738500908
0.7074929915514914
0.7132130798316224
0.7089758478579189
0.716662014059579
0.6857215619284815
0.7121507049728998
0.7201908703542328
0.7249542562584359
0.731342317133876
0.7230703078274165
0.6984696609528912
0.7134042050157887
0.7383382022449024
0.7454382730932257
0.7187895204860157
0.7232986983195248
0.727121869028966
0.7421562237335312
0.7082737006356515
0.7030153110714731
0.7140973762265103
0.7250522613650626
0.7383498581542575
0.690344987454904
0.6926187828323365
0.692031667314702
0.6850212885740125
0.692135332582871
0.7240765687479892
0.7199092148447165
0.7240722716402788
0.7071567755922655
0.728281283872402
0.7236335058790143
0.7139263261195118
0.724419808830991
0.7284366221335112
0.6728537137732862
0.7209179200693102
0.7318727242805309
0.7384125837067397
0.7672866349287062
0.7090311101755783
0.7288746604396714
0.7385250859461809
0.6966146432896793
0.7465928193975926
0.7226391533341107
0.7160029261767276
0.7227295146574937
0.6789149673283505
0.7025479484206747
0.7070266611073486
0.743847611345817
0.7027771827907873
0.7429315592617662
0.698934216240862
0.6956892852851102
0.7445122193037308
0.711666382655207
0.7360959821699626
0.7108789706890973
0.74558215415613
0.7213958489353555
0.6998485303282106
0.6972667333644499
0.7589198652851924
0.7166160470629469
0.6948768623705602
0.7521378545974662
0.7302988937985446
0.7378645287703406
0.7266374657498137
0.739168887155063
0.713446669985924
0.7158881945935412
0.7216073244004024
0.7129648482161397
0.729828030984417
0.7137520857340494
0.7173883226508753
0.7111074173807439
0.6890000612793833
0.7445432548695166
0.7125867708236199
0.704679502504286
0.7188901430807085
0.7382461255709039
0.7127300366084148
0.7407512706415574
0.7037218241821198
0.7240607314521663
0.725917817397014
0.7239404039528603
0.7046030913826478
0.6956795281376961
0.7335076313711524
0.7045636589560738
0.7299751608116032
0.7043556092039858
0.7427199145874209
0.7174912181330421
0.7204846965499864
0.7646926695160203
0.7303121333733139
0.7257654891914521
0.7285155558878224
0.7270369067873532
0.7177513959853845
0.7048702419822697
0.7212141029538909
0.7265067187620071
0.7112130505126333
0.7385955669090488
0.7108834686606007
0.735728066658524
0.7322971250194767
0.7012348874798139
0.7248262029514951
0.7160365011331676
0.7666419744866759
0.7308257782894373
0.7406485055487019
0.715743789252237
0.7355180499961591
0.7223530222367052
0.7163375036183642
0.7194844969038785
0.7276211820947889
0.7168325340972987
0.7144976717477973
0.7068789113738375
0.7617127836345347
0.7008132478158922
0.7339384322081808
0.7080280018234661
0.6993650371265677
0.7390849174340014
0.6956861236584138
0.7443095306977947
0.703491207238219
0.761302828575704
0.7359346878146711
0.7650448569425006
0.6804288921839102
0.7053264893999562
0.695248685077799
0.7340498992551615
0.7309618285157653
0.7245172308330203
0.7370639378210149
0.7051650058522688
0.73683397825889
0.7358917062808674
0.7284234793000932
0.7291949593409878
0.7514819656514341
0.711294683361531
0.7004378660542575
0.703893297736861
0.7388730027876199
0.7199699586214179
0.7503072586229312
0.708500643710502
0.7063942619903212
0.7195975061380766
0.7382810683944141
0.7207371824825712
0.7480211198337295
0.7230115505919984
0.6984656613211389
0.7623558661317853
0.7172531633409842
0.76353692115514
0.7536146294998229
0.7271696419066097
0.7078911691549981
0.7345757928128384
0.7085508850464557
0.7358544237963518
0.7205849982136361
0.7242938825414755
0.7257177516003858
0.7295444906342181
0.7263352048100973
0.7324538828329021
0.7349001284045732
0.7266705222896526
0.7299083424406068
0.692840354500525
0.7397386521179563
0.751696227340417
0.7068917063801475
0.7255602963973037
0.7481607794949158
0.7314861414556884
0.7038772786427129
0.7163703183148046
0.7403304734483762
0.7645216629682865
0.7262946679858191
0.7347207745936417
0.7118598382923779
0.7012172313259616
0.7284437062918075
0.7442545597956894
0.726367908784458
0.7298829138005976
0.7236655768047022
0.7331321413675893
0.6998190728256378
0.7467862788440832
0.7123858542862599
0.6823382782102957
0.725914606616114
0.7030987854794463
0.7144235757409698
0.716234265111711
0.7049855128865203
0.6997515369385201
0.7410679043485399
0.7804022082001755
0.7628338196539165
0.7101998945227443
0.7033960772368484
0.7457147004955307
0.7227048098379166
0.7273302125334572
0.7372396539894341
0.7152746888505874
0.7097513435052974
0.7129951457406072
0.7198737282840878
0.7160839379913221
0.695260372333929
0.7166054062126517
0.7017447485937959
0.7325990992636575
0.7282250443294427
0.7239671710879142
0.6818522619544858
0.7235670175267461
0.736100842995422
0.7266269701264751
0.6857575471725706
0.7270478905660523
0.711644238817023
0.7525300312489005
0.7206950210042432
0.7285465180590209
0.758331579432636
0.7226547672204632
0.7388985392081637
0.7126791341066822
0.7074581442386818
0.7035229087052894
0.7325405132526532
0.7182204077758882
0.7163259359956441
0.7087995346790805
0.7160171923280454
0.7116564928543708
0.732235622693182
0.7437444600073844
0.7250883188763192
0.7670275562490316
0.752026660202827
0.733096647345957
0.7367738190470219
0.7342141057588064
0.7370018792235999
0.7154373249882825
0.7127846953870433
0.7168942251677419
0.7352822730773565
0.7465350709432836
0.7087268551128821
0.7467259426583397
0.7168588314338393
0.7097749590642415
0.7480614365425916
0.708882541719866
0.7070274885958391
0.7225786158031328
0.7159991343641716
0.7053965021458715
0.7366903533957588
0.714933955979939
0.7440254608854269
0.7065617235722793
0.7442384797207772
0.7138485823467062
0.7108058400832566
0.7161251815049283
0.7353561884638802
0.7723694049314012
0.7155678250985049
0.7502830075258953
0.7098576776255178
0.7120958629999314
0.7108151871056013
0.7326473450622898
0.6990258155744605
0.7170398367302764
0.7451221815401444
0.7419925988895187
0.7148897634096146
0.7462405268370691
0.7163615592652443
0.7527501634559466
0.7280687798221449
0.7351026319439843
0.7203028923313323
0.7650020672125624
0.7459672165754488
0.7201642014693892
0.7389317195535667
0.6994539881134344
0.711793741273045
0.732710411268005
0.7186403703451201
0.7261513694748738
0.748496960523471
0.7512949183671829
0.715214335861805
0.7154842143070527
0.70961902955359
0.7041130066339515
0.7546733534262091
0.7239049585605314
0.7384243889946138
0.743625940014104
0.7438565189494437
0.7551494658253934
0.7148865072845858
0.6964349978398439
0.7569822076847587
0.7077545461765646
0.7091948530076544
0.7492920707673413
0.7144002424426142
0.7134225960086521
0.7513778102326052
0.7323555723199592
0.7154576533057546
0.7282557872858829
0.7216308939357711
0.7450723688912213
0.7659510605301628
0.7320478234815135
0.7591486726991307
0.7100488428347099
0.7234061446776645
0.686878800921676
0.73202096977531
0.7119338615735544
0.6967781262797665
0.7259761677670886
0.7100597926134072
0.7397170752345945
0.6835778211297354
0.7132373506818975
0.7375251547099864
0.7412394480143805
0.7165103232722277
0.708684253713712
0.7041121041804643
0.7214977425993938
0.7141139973838175
0.7075166207071619
0.69861009206031
0.7182400982666244
0.7166443142913732
0.7110677870113832
0.7125565207698601
0.7036343790104029
0.706916491317455
0.7101086695504497
0.726218323174932
0.7198849576867034
0.7008351048652612
0.7238055509210952
0.7184402725594676
0.7276200826541281
0.7546742557148111
0.7276866401597296
0.7170216464328133
0.719510824743188
0.7458245730956556
0.7158913026057829
0.7476952275553984
0.7598669906681076
0.7141952297960635
0.7827074974748667
0.7459509835572641
0.6984911546462833
0.6985112466078814
0.7234082004323255
0.7057540002662233
0.685375223417852
0.7447499216749154
0.7081200597021953
0.7329227100890949
0.6965475705289031
0.7006926440462441
0.7001028844132321
0.7339975310808644
0.7205656420602479
0.7629206248459941
0.7400329479793079
0.7219446579815443
0.7307857647049876
0.709789502515935
0.7532074162749456
0.7522689046491478
0.7081379788114007
0.7082229394180046
0.7159068453290635
0.7268307522238258
0.7245394053203413
0.7177981301378377
0.6972223177195309
0.7022616505099284
0.7236134337310467
0.7402315379785416
0.7339800589296469
0.6962578075376711
0.6786797611256714
0.7532355222284267
0.720168750972109
0.7449302227000428
0.7594122761280294
0.736902631867793
0.728919614302568
0.7109695797136384
0.6986786407827326
0.7052825389661839
0.707856110440452
0.7414450360242085
0.712000042037517
0.727679618603315
0.7365775794057553
0.7485647906222506
0.7416876944026478
0.7199735128129832
0.7192312786506442
0.7145345342196832
0.7156632704285784
0.7133136659997208
0.7187673050119059
0.6916547235415426
0.6942734993062577
0.7238550050455392
0.7364125889962774
0.7154386612276602
0.7537851733974774
0.7241441403593043
0.7340709880724428
0.7192885550851577
0.7421131171120757
0.7032382085373926
0.719338520907179
0.7324509321108701
0.7119275976182157
0.7177374952484386
0.6934405875997617
0.7371539454570738
0.7056085059956791
0.7255014812424251
0.7385804797550175
0.7363886108309825
0.7051537309111559
0.7260571049556406
0.720185331827899
0.7147489179137548
0.7054089541299474
0.7183498225949492
0.7318545895202004
0.7561046031679899
0.7518766744224943
0.743692728269703
0.6892580119428423
0.7318972771077259
0.7325262622798369
0.7200634587179275
0.7574603521347185
0.7281543635303873
0.7297606873221483
0.6848195452591334
0.7175241789078239
0.7276829505310517
0.7135429103820747
0.738790006987783
0.719153795886206
0.6976741407768314
0.7078131300476319
Fator de regularizacao: 0.7999999999999999
0.5318263018849579
0.6240700114225834
0.6511737506432451
0.6843327570197681
0.7247066338432064
0.6848904715866121
0.6855791840727783
0.7154659904997416
0.7040388514326991
0.6959797956149881
0.7352616177114777
0.7237368661823151
0.6863629434146729
0.6839478586886232
0.7141492720799976
0.7132513345011109
0.700038429169783
0.7568382598066724
0.7028406175774597
0.692858808752984
0.7296993510403615
0.7230706227410899
0.7019868679995263
0.7230655782973205
0.730365224379393
0.6819951514819479
0.70623142014298
0.6958424687768192
0.7075312245605373
0.7101525202665602
0.7152361945527124
0.7043004302231974
0.7013788742539202
0.7097200315743978
0.7034360446779161
0.6842408197048904
0.7172874031103726
0.7365564726463021
0.7059049813592007
0.720569568550586
0.7107495128258579
0.6988185916892695
0.7313927587983782
0.6843724338972852
0.6969920870240573
0.7134251226619196
0.7496800613693532
0.6892365645114517
0.6787207860971437
0.6826910342603634
0.6933127457179822
0.6899731715333676
0.705423150897879
0.7184340452763374
0.7038522771712092
0.6848657908419804
0.6848620975605253
0.688501312067383
0.6977662761095094
0.7241772054953536
0.6956677203236611
0.7312616927745598
0.7365586095218346
0.7130270956109677
0.7218846404672027
0.6789464163904451
0.7186218282395741
0.6991303885903566
0.7319038205413955
0.7083693684580536
0.6996924875165668
0.6877706800758544
0.6895679649565882
0.6873222469139572
0.6925370435554218
0.7294558307855887
0.6917370916543136
0.6907934937026328
0.7290660098823281
0.725840546219997
0.6997878114541521
0.7170416853846352
0.6996412097253512
0.7011511275609968
0.6971178005892099
0.7347099078590451
0.6904154948766115
0.7209630922178202
0.6962154670350256
0.7326149507832299
0.6868392165199914
0.7019594769119597
0.6829577187434407
0.7158136905777414
0.6929266397058205
0.7147873145767063
0.7077479733811372
0.7368681860273989
0.6894836562090016
0.7100015211619908
0.7035238825785326
0.7374718119353186
0.7153396697080574
0.6951742214646358
0.73791926452964
0.707573912519572
0.7067895117215668
0.6979948144779418
0.7007256009531786
0.6949144389707884
0.7292916096371406
0.6983574582150156
0.7360487917179326
0.7204458300299372
0.6884594751974511
0.7026865935080233
0.7307287546437581
0.7161850982723855
0.726195580884344
0.7025353716535347
0.7011853317852242
0.6974138760021702
0.7364113277002142
0.6844156929174886
0.7474503574986393
0.6878494664219059
0.6785421926934984
0.7069664484603511
0.6972543684013282
0.7124883185269539
0.712376926704011
0.6834650381275343
0.7033277260553603
0.6968944622887909
0.6918296804130759
0.7184777422305489
0.6860700526718115
0.6998914974272561
0.7135191830611312
0.6876054910525035
0.6731448933502442
0.7073654284683697
0.7215669456875645
0.6764994601599004
0.7227627718152791
0.7020296475278676
0.7054618552557165
0.7212938971316369
0.6997807080470273
0.7105864133723183
0.7079434366499271
0.6954379501455943
0.6825603510972467
0.6926221988604759
0.7177419112217651
0.7109901796524604
0.701160070944939
0.6920772453672225
0.7212474920471882
0.7240010636854407
0.6891377673199648
0.7255306634725889
0.7393200396234928
0.7192682814709289
0.7045391120140044
0.7087748683676873
0.6940204698547662
0.6847874630060037
0.7004064848232765
0.6990190855174525
0.7162868565981426
0.7186622327904011
0.7025781031314663
0.7018120278954288
0.7030056890848775
0.7015858699876568
0.7220643685288564
0.7594078697930546
0.6791235921983245
0.6994218762862048
0.7137964238933362
0.6873571595571645
0.6853384113524619
0.7290879442364798
0.695958772121667
0.7020946722019177
0.7450645826560783
0.7014249889595361
0.7014877900180088
0.7236320738308161
0.6902971477693892
0.7078468470782388
0.7144279257263475
0.7035283226971613
0.7017262027225956
0.6752656757331865
0.7235316777603285
0.7066954083255235
0.690722252370637
0.6989871375642308
0.7135094388642942
0.6870581828429099
0.6809193942258459
0.6996979328033366
0.7138840856649082
0.7283036244972635
0.7410288279054572
0.7044813539579466
0.7149608400004215
0.6842067029404725
0.6987614187492047
0.730449056115867
0.7031638016135533
0.7047301940167242
0.7341356356154825
0.7062865970968785
0.6926834515482607
0.7356758943906445
0.6908090877297686
0.6883137964283541
0.7066823025482276
0.6883086551216577
0.7059714664391994
0.6926053282273232
0.7377149868323195
0.7170648105394288
0.6977889082194038
0.7196188850137906
0.7211738594717373
0.686429320927154
0.7144677545347726
0.6992994308031977
0.6735278719592834
0.6889132910683805
0.7025661705268557
0.6807184114180329
0.6955063847967969
0.6939151120442799
0.7153025532074415
0.7011531861806195
0.694405654581539
0.7369985059273937
0.7144391606901492
0.6967247724866458
0.6982418877719547
0.7232693512741527
0.7030151915043241
0.7213533545179114
0.69953792314284
0.6883232326282072
0.6884534662410153
0.722536785306761
0.7109089353560841
0.6821142199132526
0.7376331217332651
0.6823555746364101
0.6742838541854751
0.7015918493125828
0.7091601332554146
0.6951760727029719
0.7152853933384349
0.6920207781742413
0.6776753399647473
0.7054875301472692
0.7122745679054967
0.6981828819943934
0.6965891967123292
0.7043520861343107
0.6964775170490297
0.7335085769983982
0.7318630705307199
0.7200247653753292
0.7041245242479561
0.7112036885294286
0.7409755198145598
0.6979692400758405
0.726209073169391
0.7041235938267767
0.6922402888728063
0.6972643415493345
0.7126222808769158
0.7096472068415356
0.7465189970810503
0.7179622331383649
0.7144999086786774
0.7044174432372339
0.7268655678398064
0.7136406102180092
0.7072109000038801
0.7033196376708918
0.6862217752628339
0.6874127882518803
0.7032527944600118
0.7207183382887516
0.7063148027210853
0.7166081496434863
0.7124290494088441
0.7224412297154652
0.6995965233781691
0.7008285024545262
0.6912928407353204
0.6993830614997938
0.6933100179526753
0.7252635116458761
0.7224122931949928
0.7340498736975575
0.7180655402955153
0.6941528252009261
0.6891647062156412
0.7001691037155562
0.7130454128266721
0.6957259490846432
0.6875414368111068
0.7010414144122643
0.6857813429542947
0.7254274604679989
0.7164756374203091
0.6956400566554071
0.7028371112058367
0.6989461518649903
0.6918912451777308
0.6915480535765317
0.7593509013379101
0.7135005018828549
0.7052144105923775
0.6915166143769202
0.6890935670908248
0.6950989065974175
0.7476885475168208
0.7133144495353285
0.717969658992029
0.7142261913505344
0.6804462529383416
0.7003211836338308
0.6877027585989405
0.7010280928741873
0.7007888078181204
0.7379070589973035
0.703156816024522
0.6995740294932872
0.7268476616677837
0.6941814357723641
0.6973972189442111
0.676150147776462
0.7243980952194209
0.671095706753906
0.6960246291121457
0.7171681111495115
0.6907864568876048
0.7260636789116686
0.6792917934706689
0.7193248543268727
0.7133011470785803
0.714885474645894
0.7098250258509542
0.6854336220433315
0.6907370747667718
0.7111106638088651
0.6983552922430599
0.715956805063759
0.694641597539339
0.7039429017640373
0.7239145087675788
0.7236719021394784
0.7336528339050912
0.7328506873867576
0.6972854910318335
0.7175860469582955
0.694485764168639
0.7205932250945158
0.7154987720934833
0.6781303847188872
0.7359586871910522
0.6976393632890436
0.7170593426322622
0.7011157530120379
0.7117270932761044
0.7300017662423789
0.728718491933093
0.719705421233712
0.7129993027529038
0.707746231815741
0.7105518455987168
0.688008596803486
0.7053921087605866
0.6952346000624338
0.6874921230463615
0.6891913157758374
0.6982118768069294
0.7335266525481263
0.6893016254054485
0.7156404846941948
0.6972002598078182
0.7148317783485497
0.7128302063456406
0.6936661185618306
0.7111501920851766
0.7142359034823264
0.7094369553944423
0.7413318408228506
0.6952211700471254
0.7413032135299827
0.7225153992721438
0.6920847879362284
0.7207275649177018
0.7141760746278607
0.7111922617104266
0.6819411341190253
0.7062009515160846
0.6950654920622126
0.7027925537098431
0.7268849013253604
0.7188839407242454
0.7185939647756794
0.7167372225349405
0.7339804466649316
0.735611693676263
0.6972251595409034
0.7363808948152719
0.7087963421864352
0.699275728444567
0.6794640448626683
0.698455140937718
0.6927478977277973
0.7170868012513583
0.7243384245554132
0.6842664459388816
0.6943402962999514
0.6809980133241795
0.7033160666297609
0.7038756759504374
0.7190105239382935
0.709630282710652
0.6972124126110358
0.7443805197605529
0.7035293880441561
0.7085490494690942
0.6902091000676506
0.719026882737262
0.7389752936111178
0.7068991195558197
0.7215815623121796
0.689010331519535
0.7345017031472728
0.7181901745423644
0.7032988801732197
0.7025866932382341
0.6984310641543454
0.6969120655330954
0.707539212172856
0.7091469038662069
0.7080238720283074
0.7181730441337972
0.7331198292680432
0.7376858455613512
0.689784024258983
0.703606881546912
0.6764468345003326
0.6989265257593897
0.7155833562093448
0.6914497161226023
0.6825452418210647
0.6893916573861222
0.6735058103613195
0.7095678290084078
0.6975207055140085
0.7011222060133897
0.712536982866763
0.6846030690952897
0.7107846456511913
0.7372457669210079
0.7120019175516873
0.6859666986561295
0.7203854909150657
0.7240490837925881
0.7043690734028781
0.6720650103909974
0.7088022330777861
0.700387190132579
0.6958830498067303
0.6976106368532571
0.7026330367991652
0.7498918554108749
0.7013245602604622
0.7062532419038828
0.6980726078664692
0.7182979988738974
0.7055694492725078
0.7107152254114399
0.6859555335631586
0.7126688804446679
0.6975160242840148
0.734269248565074
0.7121604965565324
0.7170026213129691
0.7018490526332973
0.6844034183179207
0.7153569414117592
0.7005138840678529
0.6940797701406686
Fator de regularizacao: 0.8999999999999999
0.5362246378641302
0.6240068257434388
0.6545155609576738
0.6761250309621312
0.6883374176420236
0.6873184231087792
0.6930735844706433
0.700703632718503
0.6733092694234123
0.6944865061708245
0.703680898691842
0.6786875951277324
0.6851668498033874
0.6915648216282487
0.6890975429447657
0.6890566158824601
0.6817156053378011
0.6919306382927459
0.6858820658381014
0.6991649631644161
0.6907501055058585
0.6863412064066041
0.6881664621927488
0.6958738353487941
0.7057667213685838
0.7042624222842948
0.6912612178360027
0.689043099661452
0.6836237271741046
0.6889641529878856
0.7057346203823045
0.6907205539558482
0.6826676742450966
0.6792492216930293
0.6904345896144157
0.7009590237588684
0.6782538680266322
0.7184253672164048
0.7121989398783672
0.7074094727049902
0.6957653773392181
0.6744958113781644
0.7105493988538016
0.6879343417493552
0.6935859099462636
0.7071347161848125
0.678918833071531
0.705676961926962
0.6834572702019609
0.7008779744450555
0.711950385460638
0.7032019418121963
0.6815179179172576
0.7064082134576339
0.6786383428038139
0.6775674954051691
0.7363312095666575
0.688691603416175
0.7064056307502224
0.69800945267835
0.7128126300361937
0.6920324438848535
0.6896331405645132
0.6950943341025444
0.6766731660660923
0.6823971595245114
0.7000042063822947
0.7073758936520921
0.683621274550949
0.6886800055987649
0.7042190346242208
0.7033942788614675
0.6898356466226546
0.6858319854474261
0.6771969795850403
0.7057257142483151
0.6808586176826161
0.7105987004516416
0.6980292791538518
0.7095620484612514
0.7154567160838852
0.684105921125574
0.6939527690536007
0.6867717269510465
0.6892483993318004
0.6966804620162151
0.6871227593302385
0.689395401800011
0.6941666496690863
0.6817786606209203
0.6901353654137312
0.6741108127220097
0.6878900994461928
0.6978400012393209
0.70421572324916
0.6791625467000374
0.6864715093219089
0.6979925512685273
0.68711148432597
0.6924672110100435
0.6799309442548338
0.6815944057318118
0.7000883846031526
0.6973210641714364
0.6901977791953708
0.7061034463356446
0.7034060015291506
0.6876343665769884
0.7015657249960251
0.715975910659455
0.7032078980766381
0.6885968121349996
0.7010981730408976
0.6728355038705229
0.71172817152894
0.6933950284191301
0.6778139534771153
0.6991511829128246
0.6794632489923039
0.7041045252859599
0.6865545381788414
0.6918748842670823
0.6886249596376179
0.6755615338603198
0.7027874821817139
0.6848999731615861
0.7078115049930787
0.6880694858626885
0.6679660929064439
0.6955046566875065
0.6728320014874785
0.6926981784356671
0.6989669027295579
0.7047138477477887
0.7165764722850477
0.6696153112054446
0.6917258969790341
0.6972303694785753
0.6897876826897676
0.6988554037676845
0.6751021527936699
0.6681589135994923
0.671752913597354
0.6861716509694722
0.7083031878599082
0.6824456889413031
0.7024792478795455
0.721383672642597
0.6991828478872918
0.6966942405352793
0.6824140292472862
0.6746785757420064
0.7063262257225917
0.6871912195067983
0.694998188412901
0.6878218805759737
0.6959269919636022
0.6989590361045329
0.6814663299425027
0.6827374215513661
0.6872733399154598
0.7043772042992421
0.685844875494195
0.6749354767834909
0.6798501531247163
0.6747587425361901
0.6748024969510935
0.6841445116907758
0.694477857803923
0.6930604081063441
0.6605745114312721
0.7043057421678232
0.7053502211329806
0.6669367935719077
0.6711318643525678
0.6970385694053395
0.689162417634754
0.6925871231483159
0.7122454922425278
0.6971281486347446
0.682546585364254
0.6656695505652624
0.7258614629342486
0.7219551667700482
0.7021489653844134
0.6757346534132236
0.7022277233021912
0.7032524327106844
0.7257074442231584
0.7065831620147044
0.6799449784448793
0.7081239831779669
0.6782213331874061
0.7071256188641166
0.6855180698039826
0.7222835498585868
0.7058940504898755
0.6964621039580268
0.69508628020032
0.6779788930719312
0.7240363623026072
0.701934636159659
0.6928409752868855
0.6856225816583499
0.6780084028410188
0.6842388046197623
0.6620014038422896
0.7177710390718409
0.6936371888931032
0.6887238779675491
0.6904104690853512
0.6850817795631883
0.6869754850109799
0.6955437459233741
0.6927124331404203
0.6976834506303891
0.689689390206268
0.7015431327435213
0.7022836187927232
0.685306667131452
0.7184372585738289
0.6861850486824697
0.7027972372145864
0.6868381713081251
0.6942290585681757
0.7083360829318118
0.6996207454205391
0.7209912537645102
0.6916898885035072
0.7029643511867578
0.6794385143236324
0.6769531407214018
0.6989177785544006
0.6838507390804761
0.7039831724971182
0.686007620840373
0.6911885896365835
0.7016984487474731
0.6949326769457541
0.7033296020600563
0.7006533823253678
0.701935442169865
0.697811641735474
0.7078790724415354
0.6824402386965952
0.7061186414047482
0.6968688844279531
0.6712101380584705
0.7061204467200153
0.703431157916452
0.7279288958305747
0.6877485255731395
0.6913570501877813
0.6836710852666826
0.6892565048483795
0.6933906344311056
0.7202135107492695
0.6956704670948841
0.6916435854358842
0.6882595199158359
0.6908352305877737
0.6989772684765635
0.6857841286946944
0.7003980349837411
0.6899580951170948
0.6920181949144657
0.6719593132435453
0.6747819871454157
0.6911313342721331
0.6963000225729701
0.7055222748296581
0.6899201329223636
0.675537243175438
0.6864648984468621
0.684530173183108
0.705782736160958
0.6792861275861899
0.7053344346592072
0.6866903661657966
0.7241963185453659
0.6841749478444958
0.6960126259298051
0.7164605994440213
0.6991793390605971
0.699675313751273
0.6847689278725844
0.6851620345964214
0.712734619201479
0.7046081203075297
0.6983339966769466
0.6753442213629084
0.6905408220205085
0.6837283526078786
0.6879830168557783
0.6940165815429961
0.6906295057290472
0.6920673987055657
0.6860174072561286
0.6850370566663138
0.6854788035427886
0.7135076377411768
0.7498498167216849
0.7088906902123552
0.7141093023957878
0.7094096062656856
0.6787918395220146
0.6888809441331215
0.704121867841519
0.6995006633077743
0.7148446685507154
0.6962376710010522
0.7041627388631877
0.7044898940253237
0.6736560482612817
0.7041707414433424
0.6977870314983317
0.6974970368907417
0.7019316698330689
0.6848760121819449
0.6605420479572605
0.6916305049883769
0.6953389328967003
0.685060291523707
0.7081975695614873
0.6979268220956605
0.6876803687377177
0.6912037671046722
0.7205556913872011
0.6917671120455029
0.6701132483410847
0.6915446406434431
0.7043658160035646
0.6739109953750946
0.727225396653558
0.6777988566510805
0.6952308161544549
0.7100952147289027
0.692428693146931
0.7019803264980292
0.6894293102964411
0.6824874780681744
0.6975208852982495
0.7172565781404333
0.6869205552388198
0.7029384201522291
0.6967536249268113
0.6996737080027757
0.7216751781462238
0.6855417047215309
0.7265836030028937
0.678319483420315
0.6891154674683095
0.680699900745837
0.6756379884003543
0.6944118969056058
0.6988749483667804
0.6858542217324975
0.6843154094585753
0.6934081864442653
0.6968409445559017
0.6916080220742915
0.6910097054723886
0.6873464919137946
0.6706601979910579
0.6909626074824277
0.7118804794525464
0.6793481023850843
0.7196285118245546
0.7117975412167638
0.6730764449741902
0.6882637989993055
0.6908081506616668
0.6950710760961143
0.6869886300242167
0.702253155070576
0.693077762436127
0.7090189276528377
0.679283094063482
0.6947956005096538
0.6897660957479903
0.6868001471542922
0.6872853752984724
0.6970538654623329
0.6887630717787766
0.7043314480508085
0.7057755490569791
0.6943353008360061
0.6907616677813107
0.669144733900242
0.6927620559270516
0.693662742170453
0.6785386083011682
0.6790690676299662
0.7150341969830658
0.6719942781105621
0.6976973838802154
0.6919110606748896
0.7020271344928208
0.7263154942097203
0.6975702833902968
0.6877780118245447
0.6825944039988862
0.7151294626617358
0.7096621672939246
0.6811193497413577
0.6882482726914535
0.6807168970797898
0.7241111395955803
0.6996806676451951
0.6920503180071294
0.7107215323828783
0.6804000702313961
0.7284679291895821
0.6888389689070873
0.6878907557475998
0.7088090287090953
0.7102695608354581
0.7023589929246105
0.6830435895405408
0.6966981991806601
0.6785013542560546
0.6969283047032462
0.686777461093979
0.7021070829697462
0.6840255682082356
0.6850747716165297
0.6797455648382832
0.739912964645529
0.695087905337347
0.6979832944409992
0.6900022959366732
0.6945137235349055
0.7052825144104814
0.6905545603521446
0.6897551737924448
0.6896996626823156
0.7298901835879985
0.6944015370649649
0.6913455293112156
0.6709393739613565
0.7111727779616921
0.6902934977655916
0.6827054060352827
0.7106769876388886
0.7032539093546439
0.712537561703337
0.6853111014425649
0.7089141516470543
0.6833138811190581
0.7037294333735152
0.6844748350052491
0.696080348636295
0.6934614029603015
0.6886254877607979
0.705527784494995
0.6906611996707472
0.7043848170642444
0.684329414010189
0.7057959375432695
0.6943704584570793
0.7000760768645113
0.7066087268841458
0.6950873122196652
0.6969303816155307
0.7052192089308893
0.6988590829276049
0.7099312096680654
0.7012567831345182
0.6910728748438323
0.7070631497391349
0.6752699972894953
0.6941803151718835
0.7067420335668552
0.6833212798536941
0.7089837924881061
0.6819300890314516
0.6814782067189242
0.6831993990443423
0.6975118576335838
0.6850843822305641
0.7100873873076685
0.7213335954138801
0.7058338318464902
0.7012474583714342
0.6945101945852314
0.6872145629520516
0.7001402588177057
0.6877251682093338
0.6735656830863072
0.7018766634484449
0.7230255246893058
0.6729593619629638
0.7171358070987526
0.6882544784866768
0.6795084610334836
0.6883640852290022
0.6889783455865528
0.6947173965827909
0.6961566203079259
0.7184351498314109
