Fator de regularizacao: 0.1
0.2601478171034606
0.26747733388196265
0.3305279122329877
0.45668724558563845
0.4516809931126282
0.5324724032677194
0.5659589926800589
0.5733543226017896
0.6146350233537149
0.5623705938958617
0.6173764828074293
0.6272748306358774
0.6251089953542178
0.6090257889593665
0.607060564409078
0.6094282556675429
0.6120526668091493
0.6377399854738937
0.6310366023969228
0.6277462736233922
0.6343945423164062
0.6215814867016206
0.6407498918700216
0.6458211386248311
0.6298384233836138
0.6300704830991771
0.6352745431140183
0.6457948128330939
0.6378566723398684
0.6273447493796898
0.6511513038429692
0.6349013931282472
0.634491414140241
0.6326365604210402
0.6429639272591035
0.6479685655389782
0.6317590527618024
0.6397555343531554
0.6205279740211953
0.6424802041477893
0.6396643696112546
0.6457627444072882
0.6378868854114829
0.6346327290690649
0.635907787504208
0.6382178757194545
0.6328485900032884
0.624178735273746
0.6239000866616419
0.6300418147821382
0.6517670828125282
0.6404621243013879
0.629826179226911
0.6442428505092213
0.6305908914139048
0.6256936609875174
0.6364370731270262
0.6412572693389134
0.6346969459283216
0.6419113257142943
0.6252158687778564
0.6380894711543862
0.622742867249295
0.6442611049947677
0.6393275789437465
0.6399867029986673
0.6387972957246761
0.6565015783904853
0.632192950756304
0.6356166590068975
0.639400974858908
0.6414009134851733
0.6222749920218041
0.6404323830145746
0.635000963012475
0.6360541818757385
0.6400434043514274
0.6376490820133103
0.6379884246243946
0.6405892358823887
0.6348601668496265
0.6377412415699856
0.6216882667871078
0.6353753041881995
0.636598348018642
0.6423158821721747
0.6404545442133578
0.6460738957631234
0.6386906010393781
0.6403045044365568
0.6345617794476751
0.6533570813491967
0.6534415389102104
0.6290528772285179
0.6367286110232265
0.6405433860320594
0.6481286753463705
0.6373873947305202
0.6459262168920195
0.6466419760862874
0.640192862235988
0.6463745741355595
0.6230551241055226
0.6431868152670759
0.6452854904988902
0.6479669700966889
0.6375115828698066
0.6252635946403976
0.6267145006232064
0.6409765479282208
0.6421806983502681
0.6384055765060773
0.6439409687287805
0.6475654034839884
0.633856550834077
0.6506107913661571
0.6287581112496963
0.6431268004854823
0.6322092815277882
0.6444471670718364
0.6341752172863002
0.6598876932446384
0.6410403409940696
0.63710018648637
0.6439848656984966
0.6462010817279344
0.6380189001539128
0.6306253156181924
0.6514733635360085
0.6215993163858354
0.6238784011001584
0.6383884190264707
0.6498300339860213
0.6352641165407005
0.6527183330940044
0.6345802254926691
0.6300616404013748
0.6317703714090824
0.6406513516392376
0.6455219357546124
0.6357651492215126
0.6391977236283262
0.6281116864553871
0.6386801911283697
0.628228177900257
0.6430145898549116
0.641742013937984
0.627043263788776
0.63423078974877
0.631141730184302
0.6423077248305193
0.6447748663580317
0.6453855905657202
0.6475479597977964
0.6424657611155611
0.6189444888320469
0.6352450264717875
0.6341571834765449
0.6359642576713009
0.6517665450545441
0.6302072941322263
0.6396007469011222
0.6479443858042778
0.6372208025519943
0.6366779755146917
0.6381251282044692
0.6299595711886954
0.634526400699819
0.6272601366869883
0.6347815455395891
0.6382246772188717
0.620386956885206
0.6469316238603975
0.6394892965478556
0.641307528309502
0.6282247305923265
0.6401580940361365
0.6413742833876791
0.6494046432323505
0.6511856565558426
0.6387314523189203
0.6447596921050909
0.6526007812126111
0.641763592903122
0.6198207571786745
0.6373491575109157
0.6428388642140569
0.6297984508524241
0.6466420849927561
0.6146136294709208
0.6459592067941483
0.6519312187740804
0.6285396291461539
0.6271263951734436
0.6401250408782089
0.6408899608325244
0.6459557205709301
0.6514605374697099
0.6470639454381406
0.6546938500561945
0.6363013926747819
0.6348526640597842
0.639945220994645
0.6362285081603621
0.6357802231348401
0.6414377544953718
0.6418148282267568
0.6546961510822695
0.6425792308224506
0.6460093235123712
0.6505094288474741
0.6321910962012914
0.632107817106546
0.6502681968159836
0.657111826827207
0.6342151457534881
0.648378263598463
0.6334211742826532
0.6319348110060219
0.6380886639118974
0.6298161822650638
0.6446286870392799
0.632131095010368
0.6458086019095851
0.6222585569176382
0.6333721194307891
0.6398931212322162
0.6349858322644102
0.6412791242789411
0.6475308937020795
0.6268767066227032
0.6452751187004939
0.6234183833429155
0.6350058239499186
0.634523832326258
0.6436306092893479
0.6393733892286988
0.6372709483609814
0.6307318200397791
0.6330075995934816
0.6407746028513402
0.624905064216674
0.6344870024247884
0.6349221214740345
0.6368068831307537
0.6378519039730016
0.6361954870775964
0.6335114953832941
0.6222100458472039
0.6371059962225569
0.6377770037517717
0.6352730482807897
0.63345762021824
0.637150510561088
0.6254510627845457
0.6435563438346569
0.6435198112652729
0.6332979185575167
0.6419293973080752
0.6309875540060214
0.6345148106400379
0.6562703430298121
0.6358306360856141
0.6389911843948148
0.6226647068928546
0.6419383083257296
0.6389325149884226
0.6301542838412374
0.6298804941765679
0.645378358357372
0.6406798905201552
0.623737943356563
0.6416019672224078
0.646349854708964
0.623714443547935
0.630030804626996
0.637788784294183
0.6327190919093987
0.651708480433123
0.6415145087619977
0.6385787836253692
0.6385921074958129
0.6242154863725891
0.6332228200011283
0.6431569217486184
0.6384909196285474
0.6341462781224392
0.6484861606058689
0.6274589919049153
0.6337488372301675
0.6393640563344186
0.642526261320407
0.6441573287125351
0.6373498141492367
0.6292600302149948
0.6169982238688275
0.6548727747768976
0.6496319062816924
0.638873548036194
0.6311147881173301
0.6220044151836732
0.6432801662600013
0.6405057480948011
0.6352587366718574
0.6347651790092158
0.6344058265573951
0.6188313384728471
0.646769407315713
0.6380341004344827
0.6548435361207289
0.638356661544649
0.6478217274880693
0.650108537623882
0.6500228806897941
0.6459093123631945
0.6445436734649317
0.6372040459094722
0.6381263834034241
0.6329327855550325
0.6384875205720599
0.6358056683661337
0.6471857928464594
0.6401085846704813
0.6278711339947648
0.6497384743425144
0.6325273818150137
0.6352166661678604
0.6342319904487963
0.6266463354714096
0.6364757493011935
0.6238587118568664
0.629128930185199
0.6339006229994368
0.6410103808015803
0.6303359786923562
0.6516532554065182
0.6441413169562703
0.6238254338685877
0.6304827337535084
0.63835620613288
0.62965952163346
0.6396417508194374
0.6364059826404882
0.6458081893378638
0.6445837652270012
0.63324764458493
0.6436673601695503
0.6360640085592807
0.644890768232218
0.6329130037486903
0.6336023345809717
0.6380595067518045
0.6360085093927765
0.6329113076598516
0.6537629517772319
0.637419487184553
0.6409992722499567
0.6334721897594239
0.6380633798375254
0.6327238148567444
0.6491849751180236
0.6336178351592932
0.641811999909592
0.6342642547846583
0.6291893936458377
0.6195100258829315
0.6494323290514343
0.6351920905705064
0.6469417661053777
0.651139436675382
0.6350343761510565
0.6311116720865816
0.6361130796218429
0.6345711524688422
0.6402232709085186
0.6391901626789043
0.638344317794209
0.6377931530984976
0.63602828883096
0.6437045601264157
0.637174430309044
0.6447827915227442
0.6373029638940804
0.6409067103517976
0.6336578007372566
0.6334174772998615
0.6400189862497612
0.6341805986962272
0.6403456648096596
0.62821537621272
0.6473054638802405
0.6293778653785967
0.6467277383302502
0.633719945171953
0.6332859739568419
0.6433665197721574
0.6370967304991513
0.6431708398353029
0.6429641362513661
0.6329450595515838
0.653231676294269
0.6140639143501712
0.6372336925649359
0.628435224946785
0.6414890377307255
0.646421216225501
0.6358728662051402
0.6332379885246009
0.6416020949673691
0.6364922144265197
0.6267506564471865
0.6349865243771566
0.638562346811416
0.6373290649086467
0.6496885396777216
0.6431771599834267
0.6190726823372403
0.6421507475879678
0.6261543076226491
0.642526486917378
0.6365640435341638
0.6353947845993273
0.6349361267794047
0.6316130411961608
0.6207273615499741
0.647708327355536
0.6401554843887829
0.6402227485327939
0.6235937069291646
0.6399218875071468
0.6426067335244381
0.6448403175093621
0.6357179405880817
0.645790650235951
0.6297240898682089
0.6302745003743351
0.6410755787073894
0.6495627241745062
0.6525386453717761
0.6376121391745
0.6362042603187842
0.6332940846399905
0.6468457098446886
0.6227920395153286
0.619028578696204
0.6506876657528429
0.6479438213640856
0.6380846540593037
0.6372978258137922
0.6459395792127063
0.6222680731118637
0.6480177598448478
0.6440908761246188
0.6399551553792255
0.6506361324163272
0.630465949797432
0.624346577000751
0.6421830004240707
0.6296215951475682
0.6299164415194258
0.6229487903849463
0.634317616438813
0.6345254253205711
0.6274183661980529
0.6439442742877176
0.6301751674240184
0.6369744179270658
0.636124037839856
0.6424603419254591
0.6308238090671969
0.6394676852363721
0.6357207364822045
0.6216519290352263
0.6439925887883862
0.6364608627227868
0.6495568943143005
0.6437671278752553
0.6347852196322772
0.6486460089312587
0.645626532810099
0.6344802083227791
0.6393414597186362
0.6305218614708868
0.6450425269695428
0.6333221975076919
0.6235531693356429
0.6386078570490514
0.6269517949670876
0.6434412453115921
0.63822202306828
0.6384678390707978
0.6366190388824317
0.6358973056202359
0.6351868937936308
0.634930674344715
0.6478837696886653
0.6292633807253067
0.6347763042092149
0.6336706855751174
0.6264410356396738
Fator de regularizacao: 0.2
0.2587101770735875
0.26529819815
0.3204989754171446
0.3655768738999792
0.4257581821957781
0.4726722636202395
0.5257566152912712
0.5296305806652057
0.5405721414714499
0.5143607133168018
0.5904131433072973
0.5563695134966639
0.6092633965190523
0.5671226395478182
0.5746047287952576
0.5826342554162213
0.6008696319596516
0.6126837268320992
0.6000214229244325
0.5871270591964526
0.5979249999339741
0.6037111480625174
0.5815716164630244
0.5805103435824857
0.5546105068758624
0.5813366463127394
0.6055779288167
0.6179010565298365
0.5670467530194502
0.5859360074685703
0.5852636219528291
0.6131987189804168
0.5956030023560557
0.5981855035097892
0.6176577085000761
0.5932193571545922
0.5951932275403631
0.5923627714042125
0.6040806674617917
0.5932778390351714
0.6047038613335419
0.619858489291975
0.6003767111266558
0.6185185103657475
0.6025178936962803
0.6038080962783017
0.6015631361836387
0.5792475052707342
0.607178301268616
0.582914145173816
0.6112365343657926
0.6031165943669997
0.6007130293901498
0.5899476407088508
0.6238004403106545
0.613081293796748
0.6123218815289763
0.6056294130331195
0.5915103189376886
0.5978145602481184
0.5946779894079132
0.5911029588821013
0.5928294229839912
0.5970675522149271
0.6048052554031293
0.6057867528009168
0.6072721245884428
0.5919873207054984
0.5946833622474619
0.6191840134704502
0.6170606913318742
0.5938827731632628
0.623255269663152
0.6092555525048023
0.5925117569666755
0.6018730475181123
0.615574701074461
0.6198897362209472
0.612300288747297
0.6086288613698719
0.5904493855117992
0.5980999618014713
0.5946842967305732
0.5942292606879557
0.608306173779298
0.6144141077850372
0.6108689187615766
0.6145404617734048
0.6385050044813323
0.6073373877636221
0.6047929142972766
0.6086523757196939
0.5904692304648861
0.6102002960008266
0.5969986030477248
0.6108972190017277
0.6078842034924391
0.599846873176026
0.6007570929661248
0.6366569043718151
0.6129500048417222
0.6082464927573079
0.5915352331221714
0.5921817450561255
0.5886716427590062
0.6095354888209814
0.610431324295122
0.6030363560503449
0.5918155542256203
0.6211910979995684
0.5895614898275024
0.6031313143769186
0.5907960253461098
0.6008246411886258
0.6090638863698443
0.5846904242133877
0.6085694269986927
0.6065126399300633
0.5971088546376786
0.6125934581215308
0.6164841574045339
0.580362808014001
0.6104816338093173
0.6005128323987087
0.6117254488389882
0.628437635774372
0.6093119964111169
0.5927886383136065
0.5929325750864098
0.5974622027391199
0.5873897276253508
0.6234660979563289
0.5921233815560794
0.6157053316108939
0.5936689690101552
0.60577173432584
0.6066089652460112
0.5838473879301297
0.6044244401231711
0.6268847997079988
0.5727554190600564
0.6017767246746519
0.6150939336766061
0.6241673222392174
0.605497338788426
0.6052897392721743
0.5887639197613795
0.6101251493206352
0.6098863426872203
0.6054410441230182
0.610649106993263
0.5954222346968064
0.6377450274930034
0.5887594063210998
0.6164900356659071
0.5932904764523624
0.5906898948851539
0.6095667529710143
0.5905828512234066
0.621972717453503
0.614441405219151
0.6192193953628897
0.5842725616798333
0.6093025794467188
0.6141351149420249
0.6296089303514594
0.6139855984960259
0.6183285279162057
0.6091863964259875
0.6144844442564577
0.6065630144452163
0.6072268657075738
0.5952514265575706
0.5943050965908394
0.6135162132519723
0.6118415581089696
0.606786999839231
0.577761342959584
0.5850409816993634
0.5771204246841242
0.5862334936194357
0.608206655102882
0.612344175118166
0.5925288434036127
0.6166130038585146
0.618348865237105
0.6019400971857302
0.6050746039199877
0.6089110646311316
0.6020352164767189
0.6170415401595993
0.5800445243849681
0.5835632770569216
0.5759280658512826
0.6186268062241634
0.5848404290665119
0.5952297310174537
0.5841687023457075
0.6128920020972324
0.598349949645141
0.5979506136570045
0.6323045120534212
0.6117804869915023
0.5927815070417036
0.5974319152621952
0.5992936068229563
0.6227469782110264
0.6142034019873296
0.623685078204263
0.6309699807000463
0.6111105773084382
0.6083722444100479
0.5993809130593077
0.6061404745276542
0.5977422691914166
0.615514272806643
0.6067581009379711
0.6074265478687445
0.6099143867678748
0.6130249763509885
0.600893338767706
0.6131647914463201
0.6155565887885552
0.6110763575171674
0.6001945234180502
0.5681100042237134
0.5967662555219633
0.5945186927163478
0.5979965301084047
0.6121954655183818
0.6099523110592947
0.6052824440427506
0.6101786562532581
0.5936633755233187
0.6094909098592729
0.5914557647357006
0.5810859229695018
0.6118642692004752
0.5774167858144714
0.5841040648799797
0.6040562928031975
0.603266029270998
0.592047773056335
0.603699162339948
0.6127874258053385
0.5869169073708072
0.5972806226068696
0.5899706655762028
0.6139574992038003
0.6142768149757681
0.5743637098355039
0.6008305574973879
0.5985963503208895
0.6162736413474245
0.6246891460909415
0.607620456527616
0.6180427416393102
0.6133354158102985
0.6133771218763658
0.5978385440222843
0.6098177460710277
0.5996150847001797
0.6132507397750493
0.6205343351798179
0.6026095869879818
0.5861172546129442
0.6126371782912747
0.5824290283702118
0.599736123271637
0.6087749887378074
0.6131773454384342
0.5869586365912148
0.6137046556955557
0.6286648116503478
0.612784969385524
0.584065436392743
0.6120951850958392
0.6036732833924787
0.6050853738145688
0.6005422538257634
0.59098617429662
0.6114564119515988
0.6109684239872494
0.6042510810455206
0.6163645489894112
0.5998044885803089
0.6090443555298236
0.5825840240587764
0.6284372791554175
0.6033642166786166
0.5907414333505455
0.5927772187350999
0.6077459857018348
0.6023684866311442
0.6105683144417993
0.6002989521951674
0.5887674510560859
0.6124173772915271
0.5809713524967131
0.6113236026240607
0.6115563110304189
0.6007752556870477
0.6075041595887865
0.5874222018832536
0.6000015353499697
0.6152751065277364
0.5966188362748889
0.6108157870894602
0.6034802737665382
0.5922066190332962
0.5947740825427796
0.6092943462887777
0.5990791917655958
0.6012659487421536
0.5824302841910877
0.5906037103911339
0.6010408849991808
0.5890187187344094
0.6163932727830277
0.60972864729564
0.6141110911230223
0.5882667867927329
0.5864363926620796
0.5983250900151933
0.6014041051123571
0.6023309627769151
0.591448457227647
0.5945489602499971
0.6183393153196841
0.5916609291991938
0.6236543628060386
0.5927373120890305
0.5975154600143733
0.6070916878015018
0.5835673298547677
0.6145871426812658
0.614629347481416
0.6003969264754979
0.621593181801744
0.5886483749454022
0.5894290757374556
0.5886332084759187
0.5878339293614735
0.6044515665069439
0.5921994998058707
0.6264247134549175
0.5932272780872656
0.6024070321764136
0.5791854374283985
0.6026566311584569
0.619418403852157
0.5980274465282177
0.6292225664679988
0.6205999535871385
0.5806411264354704
0.5813444736561174
0.6040769054624205
0.6060091697327945
0.6068862511555478
0.6187813412572976
0.5888692463975412
0.5801635801164786
0.6200707654851134
0.593159704656102
0.5933262647899072
0.605606023750483
0.6245696287632423
0.6058895038734874
0.5925337938605836
0.5962612905185011
0.6043206150297453
0.6139995527588314
0.6078292873025566
0.5961960533365989
0.5962141591109249
0.6097133168036338
0.6023785140585738
0.6143372002956599
0.6069977749891746
0.5944912657829858
0.5928519163000138
0.6084965478651533
0.6093503757827101
0.6064345761981322
0.5929123527842977
0.6206242115851592
0.5933256711818994
0.6128607963961853
0.5886084391099116
0.5968288001570954
0.5953307293515612
0.5958967121036693
0.6281015686066629
0.6039034979101496
0.6036527546168499
0.5998329941301537
0.6092741193903877
0.606208493142204
0.5971792882604265
0.6045374061088913
0.614506069809253
0.6192879513883379
0.5797124916594101
0.6174027164062796
0.615730749444081
0.6219474693244338
0.6104479587034597
0.5907346831766527
0.5917255398530299
0.6159969686431388
0.6203387436065338
0.6051209977784158
0.6285620779089036
0.6232726385634966
0.6125390747680188
0.6148179956888665
0.6137933562358625
0.5894427624378099
0.6170154409908508
0.5857416188313882
0.6129977683667643
0.5874443531650857
0.5864019008703678
0.6101374989995888
0.6102103151329306
0.6149834687209215
0.5960506800294146
0.5914079421911156
0.610019595590311
0.616167848629344
0.6148517428858157
0.6137679985916153
0.6106026966689261
0.6149819217805309
0.6059007760022357
0.6013044471842185
0.6070978598262019
0.594106060577779
0.6065859656509348
0.5710703778213669
0.5958908705167867
0.6240867930322976
0.6071548841354748
0.6103159948564244
0.6143806338625661
0.6114541723752012
0.613085158738887
0.5938380416838992
0.5915257129143772
0.6082407277349942
0.6134828191717709
0.583537304749054
0.611763363545897
0.6043704240509866
0.6104972594162934
0.6023979268024494
0.6034198875879542
0.614143978315462
0.580926843838083
0.5865473162160268
0.6119561804104007
0.6059199002678347
0.6061866225799377
0.594195144562212
0.6067407148605773
0.5762116752329989
0.6140690848668289
0.5973023769670281
0.6008450626240189
0.581500259756667
0.5889521991449429
0.6044669494211322
0.5861736186786232
0.5935803620052942
0.5957882437585638
0.5951980026588632
0.6169863624151273
0.6004851824753482
0.581608204217435
0.6097622689747964
0.5826111781215045
0.6156930037889473
0.6049461693258193
0.6028551477081721
0.6092180790740518
0.6097809154349138
0.6109739344619834
0.5869015223609635
0.6048190982261779
0.6268644726793736
0.603658969537616
0.5996717948832659
0.6037530508960356
0.6145262990032697
0.5930481453384882
0.57730103538366
0.5865371695210542
0.5873693507680732
0.595496126681406
0.5772184653080438
Fator de regularizacao: 0.30000000000000004
0.25871498337946086
0.2733059298943217
0.33990165946937456
0.35395241391066123
0.39026752828836375
0.4467154685711523
0.4345899491322605
0.5247167821224054
0.5027362292416999
0.4828205071355415
0.49205215992693274
0.5630477953987555
0.565431271684911
0.5354248901613214
0.5244744755259179
0.5597352342272982
0.5373168572475298
0.4858201567426209
0.5591753375464055
0.5695150241850594
0.5452184798462743
0.555337054435023
0.5232121243267265
0.5493819785383639
0.5529863828697683
0.540263136949343
0.4924620916672341
0.5443655124678769
0.5673244681312821
0.5589354794199813
0.5449477546727401
0.5700229820152062
0.5215471471839482
0.5564761861106209
0.5716579707875225
0.5989759040482798
0.5770623508195485
0.5141836797632783
0.555386622447118
0.5739988306234565
0.5480957047125586
0.5752095384378515
0.5608731834159697
0.5443353381878813
0.500236784733005
0.564180750833353
0.5147894465594248
0.5584180728761922
0.5345720487904038
0.541521148763797
0.5374429063420181
0.5320867904751241
0.5463487161463428
0.5614089227043927
0.5663494675380141
0.5691178215084902
0.5539913119156021
0.5363885852944804
0.5562933223756963
0.5531003133633509
0.5618937143447511
0.5822071999034062
0.5533788785079116
0.5374124178185369
0.550093598934801
0.5383424797000402
0.5025066199771471
0.57569041724395
0.5730373916154365
0.5141173211816368
0.541075744699121
0.5014389599519518
0.5699977512245653
0.5713358872792547
0.5565819270738703
0.5486727876606621
0.5370357738064899
0.582252521736433
0.610972628721054
0.5209412202161838
0.5693676823706799
0.574607493650581
0.5744646310522495
0.5553076778944409
0.5624479154662196
0.5575816191938724
0.5500730468375121
0.5357561136404031
0.5473403157021334
0.5623575072086928
0.5586475292591355
0.5554620211995765
0.5840369185480795
0.5428521232201684
0.5802544338526975
0.5319108909971305
0.5356393105308357
0.5529976711321379
0.565632387621479
0.5160887637850468
0.5335795319975849
0.5790154361595531
0.5663439409469311
0.5267289643233268
0.5480997134507849
0.5534951869729713
0.5382212402388812
0.5445869145631265
0.5125175355325938
0.5482809179813956
0.5619519813926556
0.5595911557867791
0.5463269735763119
0.5495758667365285
0.5283830854368238
0.5251314360218526
0.5555056058848287
0.557956480374169
0.5637771571067702
0.5480451320363534
0.5124539630976722
0.5408972550160522
0.5717412036389662
0.5517181984328847
0.5450240227931824
0.5568332397683937
0.551345337960053
0.5992314998741805
0.5650115504076867
0.532812186541492
0.52927203397871
0.5422227783403155
0.5482141735317242
0.5588016025364729
0.5464541578662863
0.5170891266170364
0.5475931859405596
0.5423147810050799
0.5405627715165722
0.5823396877995807
0.5501679736021581
0.5488127570752193
0.5301167238363946
0.5662601448668212
0.5828947412217148
0.5391806045562081
0.5575594197576839
0.5648455178177275
0.5160323831211964
0.5334642321079598
0.5690072181947377
0.5226218715269542
0.5580822276217835
0.5437757288997136
0.557284691136547
0.5691505370208174
0.5409465395266129
0.5385568738507308
0.5203795716588717
0.5825513529616204
0.5587605732957818
0.5507300277325453
0.5543775820916367
0.551277477349922
0.5421837620837111
0.543005245956363
0.5419144024393165
0.5308461499870856
0.592493413815993
0.5633008626901829
0.5341356189710506
0.5707111480941104
0.5919585542246333
0.559202487556465
0.58086151162401
0.532974667773795
0.5689983573800376
0.5599208391046879
0.5741666920259328
0.5012973524378019
0.5508224198194813
0.5698789084182917
0.5545709427627654
0.5604535525502791
0.5167323461485428
0.5397441189592367
0.5563024342755465
0.5568529987741946
0.5459638722379823
0.568321877789
0.5695567251250196
0.5591582520476183
0.5334138402276183
0.5611871044291282
0.5237774105304296
0.5688622425088015
0.5949622572490045
0.5479780095205242
0.534717089238779
0.5702553974618146
0.5500346289247594
0.5636124343190149
0.584050139387112
0.5687488737484481
0.5277983052890454
0.5135769024167829
0.5584676093569876
0.4697722986867835
0.5245286682373403
0.5200760230914353
0.5326852146338164
0.5337646633369683
0.5583783223849982
0.5495266941119352
0.5584755694637764
0.5674879047656898
0.5413707960982667
0.554473086187736
0.5435155879180646
0.5613212900020761
0.5515483029558366
0.5594743505492634
0.5771807234234847
0.5500622011384804
0.5581166760905248
0.5768054434252066
0.519950118345325
0.5439702651324805
0.5425826806835865
0.5338005576392969
0.5568059357054137
0.48881473621809074
0.5424956462743344
0.5514170536190888
0.5704894901331989
0.5468692269000607
0.5860534446829598
0.5626141457730187
0.5689876294340313
0.5533906235717162
0.5242791085589614
0.561788475241414
0.550499670115716
0.5780396377058086
0.5579182685794045
0.570401240215972
0.5354106394043582
0.5514317380240868
0.4983339464307209
0.5655432403815295
0.5669078119893517
0.5397840814743551
0.5460111331324359
0.5411242510030362
0.5613798295536223
0.5547040382353272
0.5556308322845543
0.5511965784793479
0.5830886985365198
0.5144771491368585
0.5731518171550021
0.5633640421333943
0.502516657315397
0.5285615284788973
0.5724916587429972
0.5531425963856484
0.4843776653409087
0.5081596784133126
0.5532405496658964
0.506501913385748
0.5492837410028822
0.5557172028995611
0.5563577397184397
0.5404471076256799
0.5534493533411481
0.525537711695822
0.5629138143399142
0.5598695521973387
0.4979465388022244
0.5601578478641585
0.5513851842480565
0.5327872014249384
0.5743005175461872
0.5433336978495001
0.5381848109718702
0.553507845538473
0.554074058827508
0.5514667846769788
0.5496626924767906
0.5364190806715916
0.5582495154194997
0.5700683111500613
0.5057382573866732
0.561355685341594
0.5133189458801948
0.5224529362526562
0.5380174423086163
0.5227290662645158
0.5366967595366908
0.5452573109480341
0.50632884402505
0.49995913411448567
0.5677216841574344
0.5330907488926069
0.5238713186309065
0.4980368509156741
0.5597094224298028
0.5310580977580994
0.5603120130359559
0.5484106799169063
0.5273707535563402
0.5545698010393139
0.5928618023698224
0.565046425713922
0.5511944814269896
0.5055502218019636
0.5811309513780432
0.556977031245464
0.5460929493783093
0.5657035325721853
0.509262838626152
0.5470106444100603
0.5576582282385835
0.5665624488780509
0.527601180170595
0.5389695685345118
0.545032014247211
0.5858288714828858
0.5582847735801353
0.5564799021730055
0.5462545740177623
0.5620992495825292
0.5567972997165839
0.5350623511523807
0.5919107227585585
0.5450871746581407
0.5740996061436336
0.5456526497626213
0.5446203664973273
0.5122281090723925
0.5701237089272337
0.5237757096917486
0.5648286790493022
0.5703955619096803
0.5656201957430814
0.587111036385288
0.5766596062938375
0.5685620283599085
0.5171363614165421
0.5336415278263726
0.5589210449855948
0.557819141962394
0.5500010259553769
0.5748516147741339
0.5631941892003411
0.5323160771978704
0.4963530837919882
0.521031250796417
0.5731282064644255
0.5090189050740256
0.5878190741795529
0.5606152303525448
0.5223605651053524
0.5420333723998344
0.5530251899343686
0.5231277838311383
0.5358281935988887
0.5273677507639458
0.5525646747670103
0.5609234613264332
0.571437809411544
0.5111895053654247
0.5405441534176182
0.5585791943149194
0.5535765562697147
0.5405720671331199
0.5647365159119663
0.56491711342585
0.5849394721118247
0.5762193890254027
0.5739846544705228
0.5673379583652748
0.56563541750117
0.5340957199022114
0.5544608815278786
0.5662066343246877
0.5460768865624132
0.5669980275628747
0.570245255441892
0.49707199215954107
0.4843634289782316
0.4886139414930433
0.5290150266544257
0.49006564892037946
0.5418598120679854
0.5468585976866405
0.5639486779195957
0.5224228624863363
0.5256756402550657
0.5593697433966268
0.5631186901126352
0.6058643539592017
0.5589575848408032
0.5058639132120625
0.5543503041616751
0.535590536763726
0.5740659553164427
0.5599616485006511
0.5395130025123516
0.5118579783158755
0.5550700979392742
0.5683887041241831
0.5838808207992149
0.5459260436471739
0.5400139012889648
0.5004240179835813
0.5349958178476241
0.5044173381161305
0.5218567145580157
0.540634024375898
0.5561590601750692
0.5811618654047812
0.5813561056829062
0.569230408342337
0.5857344017928333
0.5576565526812833
0.5234605022758474
0.5573444826730874
0.5204353323831215
0.5443545544915154
0.5664083154949587
0.57104778593979
0.5270893925834141
0.5677164070444224
0.5781699167627885
0.5772635339485312
0.5789398552509727
0.5681562107250815
0.5849201483845996
0.5636323377644693
0.5289388700685299
0.5192879375481732
0.5662823637070789
0.5628581606205473
0.5640117695468136
0.5653262206544005
0.5816431631190315
0.5481889924230042
0.5698518985868355
0.5579824652558344
0.5478970374922936
0.5351915432899947
0.5597370904277172
0.5410623840292879
0.5481420310657317
0.5878749191716593
0.565334876743438
0.5616327551214654
0.533028432824622
0.5733211807963274
0.5731993888948453
0.5426973595986697
0.5635524047267244
0.5589710743819555
0.5780579260472456
0.5281526473220423
0.5850156482931366
0.5504473345093857
0.545835799198259
0.515001815287318
0.5637397517313836
0.5212449427729579
0.5315280222876754
0.5535840957719973
0.5437760209245118
0.5596957473256949
0.5303523569864852
0.5815796335381765
0.5293957036446224
0.5430002924725619
0.4969151978882615
0.5469355958640771
0.559064635557389
0.6045012849677518
0.5867891089845455
0.5860795344151388
0.5152179621395737
0.5433788345727064
0.5284161270027962
0.5225659806417842
0.5298766078858722
0.5955045146842356
0.5493307465164581
0.5282927135282481
0.5882010949675707
0.5729108979832345
0.5434430677999611
0.5360008338871234
0.5121485429217005
0.555941656602843
Fator de regularizacao: 0.4
0.2594056143742038
0.2630701869993703
0.28541320018267113
0.3163878563861927
0.38383901907232804
0.39221365643696693
0.4441335499165757
0.4222517025310083
0.4416646120663746
0.4513040090779885
0.4323128823111686
0.4774958885939098
0.46358776723047973
0.4546433574945058
0.4868982595258184
0.4572294921276736
0.4669934626903761
0.4767267775831489
0.48924914923985297
0.462089873424282
0.45479720673328067
0.5364595029759744
0.5298932463664034
0.4705683418668431
0.4660296182935699
0.46229284339233184
0.49520425699880805
0.465248872447959
0.5055871941671384
0.5232807210569779
0.47004420190385243
0.4920015656738189
0.4485735378595428
0.48073623705602475
0.482934828127886
0.5117376238832484
0.5112032228009813
0.4905877264184667
0.49776006729860534
0.4718657396086683
0.5093432451169597
0.46084358730707364
0.5354980577910624
0.4571074899055457
0.464725654231443
0.5297105371640414
0.47946977723895745
0.4854657984034838
0.4954431533647565
0.479732185385316
0.505177323936038
0.4684710046078183
0.47840578880683304
0.4466650715965216
0.4577200247626097
0.46760489438331543
0.4622279625331515
0.4637984686316199
0.4590879845313148
0.48361849092761855
0.4708191420652187
0.5016731098663345
0.46333962137782586
0.5284568796954746
0.4578789398489649
0.5511838679254935
0.481119746099539
0.4902181446810082
0.471811378483991
0.4668600543242789
0.5064597660564139
0.4703846012244533
0.4656265535963537
0.45989631659733166
0.5170017408395663
0.47899316928140134
0.4822000851941846
0.47245662477939626
0.5226901905621929
0.4544423179631865
0.4674985711376679
0.4660916188475642
0.4853329405260537
0.4726947993942871
0.48882215802266576
0.44824097322568407
0.44758548940822207
0.48680693232430927
0.5037611106001438
0.45733656395919625
0.4762171917368712
0.4702281252509737
0.47737564339838273
0.46566086579908134
0.49617717255418875
0.4870886859226352
0.4404497368583719
0.48789126049225634
0.5082650837770374
0.45685127804046444
0.48995592912610303
0.4561194226601626
0.4507639016647843
0.4707878619343533
0.49585893364395617
0.4592163983331292
0.45885131557864406
0.47504830880662513
0.5022295598443712
0.46725973550904654
0.47220574784986385
0.4757240882900689
0.4886609349209052
0.4556870144651729
0.4986657509267931
0.44490023114064936
0.49021961385171514
0.4577209079301549
0.4645640638530885
0.4888997215997149
0.4768868810544008
0.4560969392698865
0.4740964913445085
0.4669603626025679
0.49921496615520555
0.48402200223692915
0.4745705864691604
0.46900769914663637
0.4736413054929113
0.4829625554801118
0.45982251341942515
0.4490903097255529
0.4543337752786229
0.4891779467596452
0.4979952838269342
0.4545243670770958
0.5103960573214834
0.5027218677854116
0.45644568542991626
0.49192386934535665
0.452408463976304
0.4760697298365518
0.4583449534696962
0.45691133292329944
0.4985425168965471
0.5002894645080526
0.4683966496694694
0.4990012159543421
0.4933422799634071
0.4515361157219654
0.45957198253019566
0.4321424957248037
0.4601462926150946
0.41892620754541454
0.4601114983392571
0.45251031817961485
0.46664076481124195
0.4958827822975505
0.4681589572585471
0.4559725568222128
0.4574962736202474
0.5173724939302244
0.4750083037439303
0.4701809351007854
0.4569141423507778
0.4765865720939342
0.47228884848694275
0.4928615930882799
0.511801064215876
0.4942967452377842
0.5071006979292291
0.48147588170729644
0.5231989630292142
0.4930238962731326
0.48220226001236793
0.4555483805907721
0.5048483380885517
0.5023030307213405
0.4850459573068354
0.48675629673686405
0.45778412968052
0.4590210201934575
0.4721039350921344
0.46023409163619045
0.4719188290350048
0.45725821865431354
0.4649797162346447
0.5002755493073965
0.45679437162779796
0.44895971883771013
0.4718462405676164
0.4739736842375139
0.4479218326458013
0.471449184506711
0.4530215603537416
0.48173295464106014
0.5024405710772603
0.5038080220807871
0.500531781325581
0.4857783315735986
0.5608054160519401
0.48005295375317036
0.45168413863710477
0.46532589031167026
0.4683181001417169
0.46481414429718126
0.464265536715159
0.5037168894569326
0.49845644823278973
0.46838100116354964
0.481103915689447
0.4845130826863812
0.4990229158172769
0.5020516069331367
0.4607400345407955
0.4658103440825257
0.46224723018385105
0.4570559186849211
0.52607326435512
0.43788822895750246
0.47462510206834463
0.4870745853891779
0.470630643659619
0.5394730808413184
0.46493800411224173
0.45303311951594666
0.4499271218353117
0.4709531927305385
0.4566651281942252
0.5321357409911456
0.5338761582863008
0.4796617893115515
0.4592212028821505
0.46102981079434635
0.511491439878836
0.4662759458002127
0.4729439434974692
0.4924980876378517
0.4542482025750495
0.46562646961664217
0.49732342963749837
0.4878919984119201
0.490789892050811
0.4966007832969172
0.44878666253607935
0.46342425010078425
0.450030194053998
0.45872752175931175
0.4587259159391007
0.45505637197123683
0.4689703800560839
0.4842299774864383
0.476099143021241
0.4534151754951282
0.47877150432784193
0.4789042297116934
0.47071343656856934
0.48043612594531576
0.5082028688440938
0.4852317530959362
0.4532707828707047
0.47023365118289673
0.4679147358284272
0.48219464178769433
0.5125481834400201
0.5085800009416487
0.4758752017110628
0.476560220825245
0.46406897362967986
0.46243736998868845
0.4715933323395681
0.5077915783832626
0.4809028313037147
0.4877706521138495
0.47139318843275263
0.47065474275292785
0.4608809732342908
0.4709480272394366
0.4859282766764511
0.47739190018620875
0.5044235504734083
0.473041479536575
0.48386999136288694
0.5355686067173899
0.431199111852266
0.501258901140164
0.45620909269096427
0.42476504978179863
0.4812675944380909
0.518034339029102
0.4999228688404177
0.4621042776373859
0.454544348561699
0.4488567986296063
0.5463156345202057
0.4862980918928258
0.4858328172173129
0.49844134695121206
0.5660777770395804
0.4605633565206847
0.47342896088048236
0.47511858316203426
0.5239528739676749
0.5266032072297667
0.4708812553331206
0.44819504869255355
0.4803694181825227
0.4922508401603115
0.506910155551748
0.5306978575369186
0.4825803186210272
0.4573887241915279
0.4783982451453376
0.5299437741288903
0.47288455256694845
0.4714170117605998
0.4628222000074511
0.49415526747581096
0.44923170770253795
0.5039443211480062
0.4886412882870985
0.4505780297498306
0.4583053094453575
0.46762536419124057
0.476370818020297
0.46890937485918344
0.5458843974906308
0.4645426169659741
0.4611228036748223
0.4773251252397994
0.48896702377705276
0.5149095877993071
0.4683014477596119
0.46592477700657364
0.46900948200482057
0.46745104154313283
0.4982443358865366
0.4732111780999374
0.4520614607634414
0.47080204962436645
0.4506933547207376
0.46951556386156773
0.4790676278748098
0.5241658224050563
0.48304594610318186
0.48489868633140737
0.5283261327583741
0.4607799783758343
0.46214083964140124
0.4422252033833939
0.4518921423957301
0.45739245953520885
0.46873294059336557
0.46290809641805647
0.4665247277722776
0.5114908698165292
0.45536413311900165
0.494277829372092
0.49334500839594453
0.5127238617659456
0.4993415493443929
0.5061782946598827
0.5239078104544566
0.48315158181685486
0.4819005250605149
0.48254402752079717
0.49457640238075024
0.44539480845311374
0.48981481422049267
0.4544809888567397
0.45317595200301175
0.46090321576435517
0.464058720271704
0.5108150112080393
0.4562542400481756
0.45644091100956297
0.4773312354255405
0.47429967903914083
0.4891449030668508
0.4796201797644519
0.47009356892606213
0.5089598971320342
0.45895991808540637
0.47983781412936705
0.48958569923242035
0.4608663596383452
0.45585257256149125
0.4949947981517133
0.4448831653024679
0.5122436429068601
0.5344611769733546
0.5149699291796068
0.45274538663456915
0.4815229966508883
0.47312069985392985
0.4738066798835619
0.48453733047386793
0.4694056611540084
0.4724339126313092
0.4858003513483683
0.509864439749481
0.4737160975047348
0.46968581556943845
0.45592930320313607
0.4921674806572405
0.4660047697405167
0.513701188003742
0.5197383291077491
0.4555097061014034
0.4720549445852389
0.5250316461419915
0.519333257083206
0.5290796124848066
0.5143028391053944
0.49878694572275045
0.4749645789772773
0.4916557245852764
0.43679399971311933
0.4730168116400274
0.5005864204291819
0.5255267085489256
0.4785348680818517
0.47810758491463756
0.48313954602352477
0.4580856511596198
0.4538683839210935
0.49467833933697136
0.525008988012655
0.49936597131120053
0.4554712509479256
0.48256874221883284
0.4783924101931197
0.42890305712100785
0.47882137900679966
0.4608472275877989
0.5033114953799536
0.46187510254964337
0.45855352412875544
0.51912251308959
0.4690758234234974
0.4811406722641009
0.4840101139845445
0.4539211817773075
0.5060748865886138
0.4760922275364292
0.4567545783670274
0.49094884043711706
0.5029953285667191
0.5374195887473908
0.458011230062521
0.49836645692319215
0.4532169766768114
0.4571562630474687
0.47534347214583733
0.4812490355709553
0.5067909475774657
0.4751352798103827
0.43899169789019393
0.4649225472889933
0.4642828192538023
0.5084479371525059
0.4650447845032256
0.4700127835118552
0.45950787561920414
0.4554023448335256
0.4606351854991154
0.5228950745927334
0.4752773289341832
0.49656924898610655
0.5193937232872338
0.4625918292947996
0.5104920865107123
0.48476378691762506
0.4730870592964913
0.5119965910250694
0.48467957690192
0.4639817587854617
0.47271572788580507
0.4620890248349202
0.5192941417909022
0.4364059592506047
0.5129994765311972
0.45505941812556083
0.5153668461182439
0.49864367985653296
0.501695621746027
0.4995440358083231
0.48299095303737183
0.4932004023218598
0.49397226114788506
0.46508744819192105
0.5149667492208188
0.507508262846704
0.4924231726390006
0.5038166575711372
0.4854995369265497
0.48445854298564583
0.49227649338080093
0.4788153262873637
0.457039219340892
Fator de regularizacao: 0.5
0.2608855379343672
0.2652551604718966
0.2681445350417395
0.3049795665675554
0.33120292937921514
0.39264933915378225
0.37681782241825756
0.39127818482149435
0.40624523964156145
0.4035088553046012
0.3694727937096872
0.41581433174503807
0.40475317146162276
0.4432344331684545
0.4475683513451994
0.4069714902445269
0.45545170167602206
0.42036156504089456
0.44548467385787927
0.4256996477269527
0.43992751185905804
0.439857665464839
0.4322918860579222
0.43291595224727447
0.444517608967079
0.45453844417443834
0.47597138485961044
0.4056648561442312
0.40615846706027775
0.4161070099353024
0.39888524974266576
0.4384019956455276
0.43844485816944767
0.45484475532314617
0.4603809042375591
0.411681089895971
0.4008261515663917
0.43021868938496544
0.43737959541215626
0.40748978777547185
0.4091586792483194
0.4161141114002265
0.4434077705135119
0.3986474042300915
0.38990280463496096
0.43709952957083986
0.4253888038639594
0.41105811178371676
0.3869693620166365
0.3982991784027758
0.42789052053772136
0.3968788566464032
0.4171178887373775
0.3834243172634595
0.44582382007143195
0.4409551542304942
0.47526236076891315
0.4386165506165593
0.45982470751757687
0.43117645165794416
0.44653993799731484
0.4452474961108475
0.3976809847115401
0.43532937688177115
0.44136083569579937
0.41399244209908953
0.4012396361480078
0.44933134069648606
0.4469184434924838
0.5038693784286817
0.437043661401156
0.4255186975728213
0.37936768300876544
0.4064917174695438
0.4512017124334385
0.4312614723198842
0.40231097444679376
0.40045966347367
0.4165503256592114
0.4287156804996197
0.3963503543411596
0.4425354412919728
0.42974162911204405
0.37262428927324603
0.4303281466191037
0.4490623960033158
0.4431517333100735
0.4899969745375173
0.44736362958049136
0.44059454203565923
0.4461151873957587
0.4062783553021296
0.42335842465985385
0.4317316256056876
0.46189269191145527
0.4368998587806085
0.4185212596429036
0.4354854623024488
0.4319893672111828
0.45231531731065766
0.5093692608887987
0.45522462304065103
0.4592133228200435
0.42414590128299084
0.42209770193593144
0.4486023074719826
0.4181023391303619
0.43523059004279785
0.4343140173692085
0.46575337154532603
0.4028573659452048
0.3841628194877552
0.4332241076063629
0.43908533706683206
0.38442824940550224
0.4833317298777269
0.44727731020051154
0.39730210110804726
0.4283643018629929
0.38630448156769964
0.3884706544777646
0.3929447697265268
0.45998027887002985
0.45067917885760167
0.39328844074950375
0.3778566100012021
0.3917853036044555
0.4393537912612926
0.4331607999529049
0.40715232335108753
0.3789137562757131
0.3998903353555807
0.41334962375465223
0.4519021872152852
0.452705668788463
0.370170451675252
0.43303172877473345
0.43323193853592556
0.45058427549468716
0.45464699473329473
0.43103746594107795
0.4603397524945338
0.45800694760266686
0.4087556799088848
0.4239145127836535
0.42608320510515885
0.41480588030310306
0.4487647865320931
0.43536446491328695
0.3942427431297257
0.4247077104804524
0.41744344761146446
0.36664591069591135
0.4515864359167721
0.4528387201073075
0.4336956737678335
0.4128029257173349
0.4149162879062788
0.4038007757109699
0.38598531604432534
0.4500517042640855
0.4143364803945033
0.4115061442319952
0.40325573060172515
0.45556863882071247
0.4620521470929921
0.3938327065029882
0.41546489843589673
0.44511262781616673
0.41503206908075213
0.44431098467272906
0.411190552235326
0.42051242551158285
0.45807882994362076
0.44567445581188114
0.4253663119111078
0.43775087893883624
0.42962252294694475
0.4485618328280057
0.4471881817366564
0.43167087766552886
0.37255952636994977
0.4308917013264365
0.4379024661053962
0.42299161425631365
0.40299090494294676
0.36982464497416173
0.38845279737522254
0.42774712238567875
0.39147645950819915
0.38182494080736024
0.4238398463856826
0.4470211843305507
0.43441668022036695
0.41045215365184573
0.37305783877275356
0.44740727672165326
0.4487157088629317
0.37045494720917793
0.4138069387265393
0.42470706965629434
0.4470363057966728
0.46370216203333053
0.3957220797822151
0.4255133876088629
0.4427384284214731
0.4470916111295008
0.3973192137678975
0.4348746067820645
0.43903769813584564
0.4663456925212193
0.41285339525015674
0.4413784079695722
0.4436128445965936
0.4252188337267338
0.3811893803866312
0.3922391197342504
0.4199817478955886
0.3893139244874968
0.43425751774206856
0.4774930119357478
0.4145247465594578
0.4376808826437967
0.4416217145385032
0.36970552013410457
0.446137546877727
0.3965729214889021
0.39016335003229347
0.4382555152288347
0.42987446862329054
0.4410675651580047
0.362787735726143
0.4105783391667961
0.42946217601307274
0.39994394568379055
0.4398766496330935
0.3935304564139681
0.4069789749419722
0.407865614022281
0.3935321898090547
0.41251832655049625
0.42372344635006653
0.41857988322715256
0.4284775802706428
0.44325096679050635
0.4652328614182693
0.42486981501934407
0.45407103426929557
0.44244251662513967
0.4383834751586598
0.4459899640574732
0.38209111683370567
0.4284823917466607
0.3978648312701834
0.4769795767759555
0.43614421253470265
0.44013484017986954
0.4228740320897778
0.4642391136381271
0.445727654473314
0.46438788688234284
0.4534264770465919
0.4331585857717557
0.4341357732268378
0.41042326345724395
0.44588686470242384
0.44526354265216417
0.38889604080965195
0.4257466044590136
0.4418283300013795
0.40395344443936365
0.3875498021802081
0.4752626959798464
0.44834471196721415
0.43312914706003164
0.4151550574460157
0.43634756164360144
0.4687476714345949
0.43471237772320703
0.4019895548792779
0.41669348581063953
0.4311538615088801
0.4238209400596061
0.3816741971007345
0.46188869772114644
0.40927824526148315
0.4419427519105728
0.4505842231625981
0.41015639975645257
0.4256852342328174
0.427547079736331
0.4510259366971942
0.42643768892302286
0.3778190096110049
0.4166663869788759
0.44007388092014493
0.3825011083629736
0.3922246593227941
0.43276269700303
0.44307276473381085
0.44312091072420356
0.4139415864103559
0.4884714679605592
0.44316025407075343
0.4010426193676567
0.46038500050251174
0.404589975534163
0.41334905778752357
0.4362629233062812
0.432840968694377
0.3927233310059434
0.39848713763413246
0.40591608538746893
0.40089156261813363
0.4259306365338359
0.4310462231249369
0.447706243096182
0.4233207375640429
0.42085326781789456
0.441897716530068
0.45555193647596093
0.4642028564506286
0.4265492616856707
0.4278005302400295
0.46945488637842414
0.4098740724958453
0.4512071005334633
0.5012342244874606
0.41229872746064783
0.40124016076752345
0.4288272377118446
0.41790190329019106
0.43470866134226444
0.45260278106769514
0.44747804789196727
0.4490336533298656
0.4456718021305323
0.40780211691385865
0.46159006896934063
0.436021454429366
0.42162221408498424
0.44629585405012867
0.37750084671950196
0.41726358099292565
0.4513769342092506
0.37771366706938003
0.4173697930461067
0.41112643289634015
0.45694035589978643
0.4498403065093865
0.45059939442547925
0.4562652171669298
0.43779178973047783
0.4802840942969683
0.42470927724608404
0.41286500555759453
0.4644025971639307
0.4291974958359364
0.4396161311169222
0.4281990983293758
0.37998133960318903
0.41005542571490816
0.40928551642871
0.44167512814568666
0.4230611248096003
0.41401313785567373
0.4634555974057467
0.45002533583262416
0.4516567401982665
0.4521390202109437
0.39167733344226624
0.44951300734670196
0.410586370744798
0.434517694680539
0.38672226481000005
0.45273857511453997
0.46509719175875064
0.3920389370267765
0.3833458789551184
0.46791120703751254
0.4457490974702999
0.4593416721767049
0.42078004949376907
0.39936439923272227
0.4091341864274022
0.44501746016903254
0.452758579438515
0.4469597753700997
0.4296447667246207
0.44623093258903684
0.4224125757694723
0.44341373888810914
0.4183203190093209
0.416547084047523
0.40821494835898137
0.4293969334807436
0.43731773104431315
0.4422828246428261
0.43943417624126535
0.439559520852396
0.40573600562774653
0.4261791035982586
0.4443207574497709
0.42965622199714293
0.4458269967487712
0.4128199564062383
0.4432337644073069
0.452999246602004
0.42577469873973445
0.4532699822484765
0.4378762120101124
0.4053289471907079
0.4435880964557334
0.4365316778041609
0.39734019245551017
0.41235116724248283
0.43579120352489387
0.4142642763016281
0.38955905238117583
0.4238210215445495
0.49557249306030704
0.4178771791242294
0.43830816059062216
0.41454907394495455
0.4369940577538907
0.38404336649916054
0.4583458543673095
0.45077831214771846
0.43274802082171737
0.40042763232571055
0.4329799713076719
0.3943463682576547
0.3878236247627166
0.4185886298858715
0.4157722695205697
0.43124049108457835
0.4390042208220031
0.4423391804838325
0.3950852353654941
0.4316401848588812
0.4233179267151309
0.3685043236478359
0.4058457944486923
0.43164008136979826
0.41455508227270954
0.4405121146011922
0.4030343928424818
0.444083091420686
0.4271164683313627
0.41138915220630823
0.408214216540882
0.4361497861035299
0.4102128122804432
0.44200438054713764
0.3936834362254422
0.42390653040587545
0.46136633464900045
0.3838070767107927
0.41429182396401776
0.4056036145633624
0.3963235140187052
0.4037927408542018
0.42718185081297977
0.41466976689827134
0.436838174555996
0.4106965253495738
0.41709154114755514
0.3745784901173306
0.420079330251747
0.38249605219967403
0.4200451222958935
0.42374625897855855
0.43709766024613084
0.443210676642474
0.4450162338371489
0.43630131652027193
0.4420744226869906
0.42205573927749007
0.4136491252493304
0.4418919087052857
0.4575146346421116
0.3806796073545835
0.4267731087902871
0.41972440832856445
0.4321936936624793
0.3892718090929451
0.45246310070609824
0.41625521379228464
0.42836938145728326
0.36351564643931616
0.36733861828911235
0.45044622339801704
0.43943899483571436
0.47143879156460305
0.4312399419824904
0.4340759305192991
0.4222228491960728
0.4020588687894735
0.4552699551220388
0.4176060278717558
Fator de regularizacao: 0.6
0.2608858623418903
0.2608858623418903
0.2745863979510657
0.2767286164122476
0.2961294575622323
0.332247270054885
0.350029119149146
0.32346918624331183
0.31416343415257736
0.32570111226512877
0.33995901436712594
0.3620209515840161
0.39270979667465555
0.35766181611904313
0.3782975595134868
0.3562910546384156
0.3609646234046215
0.3862808926436597
0.3750054224934308
0.3397142447427757
0.38548067604843583
0.3423197402886472
0.3694043681157509
0.3883204004823112
0.37818068830392404
0.39824437523414796
0.38354419930812733
0.3432437542080857
0.40862348183624564
0.32426295176860587
0.3682351001790201
0.37621139641646495
0.37970436986984113
0.35250102545872836
0.3946293753627239
0.4026487967860855
0.3687274721758168
0.4183914413956488
0.40473439049614884
0.3447429380061928
0.3306945092272921
0.3772736356704784
0.37239381283569467
0.3767007747411794
0.3442902094683857
0.42583315845165093
0.3541746913595706
0.38023715374492595
0.43200930014257255
0.33241521698679605
0.4206851374108912
0.4112190898352571
0.37186697139312985
0.38842360589290587
0.3581075534577408
0.37846818361186413
0.3370867851879679
0.35485236778642
0.34582745542775273
0.36928081658759787
0.36989429521005
0.33927956253849095
0.38098071654832644
0.35295822274806216
0.36178638211286523
0.33897869797909086
0.37160560394435427
0.3945950163613438
0.37195119161525675
0.35304806744211176
0.3831081623647967
0.4055632523066365
0.38824602084078297
0.39969247630543386
0.35221915964917994
0.36605858459569457
0.37052814570427467
0.3502453618153093
0.34674594141645737
0.41896373530728176
0.3667558905107127
0.3870811214512394
0.3495150831862993
0.3558425757998336
0.3714976736623804
0.3926828857613473
0.35388061244313185
0.3838340256934096
0.38135457350316854
0.36358329318231153
0.3414206196442457
0.37036460396111925
0.3854578522357548
0.40091410839618363
0.37625684309603613
0.36275906828735893
0.3240955927363925
0.35165463258176044
0.33534885117679697
0.3794163923086419
0.3638529318689352
0.3873165891997483
0.3567133429793419
0.36587029774051566
0.3809406848085595
0.36057559685195517
0.32569220680987654
0.35496953138002635
0.37126246489498593
0.38689058436703727
0.3897154364057051
0.3255604569170962
0.37118709332289246
0.36558919558133
0.3323530584797352
0.4232873939470828
0.3854767271467097
0.36693779682679406
0.3708976730632121
0.40199065471805573
0.4250695391779291
0.3693387048700248
0.33601126903396666
0.3677714923000458
0.36525564429821256
0.40012508075762787
0.3602008719605302
0.3986141715921169
0.390794483901093
0.3581516643779022
0.3673734372288405
0.36078790535228
0.37681876299356654
0.35501184863119767
0.4185652945730266
0.3878592986946869
0.3720675856216215
0.4081302444499816
0.3573080169575549
0.37135574943414296
0.35628725388733296
0.3669214302891061
0.3511330932284181
0.36993671001537304
0.369012153853663
0.37767006456395036
0.3758962803855218
0.3532322638703504
0.34626076792671845
0.38339558111113825
0.3750668872641974
0.3911507390955326
0.3569255769286915
0.34773262017585915
0.38583358575487253
0.3644398239211736
0.3879739977328581
0.37164459740546596
0.34884199051287823
0.4268195317530347
0.35866872652860565
0.3574287624920232
0.3787203124471995
0.3659680309656975
0.37724300771430685
0.39684860787161236
0.3388615809499771
0.3675069538618855
0.37162568496241893
0.3622418576795017
0.38247606882383367
0.3142553722207683
0.3672273625390018
0.3822913079814672
0.3525637652835652
0.3605193711445237
0.4071751257132085
0.3411005209808426
0.33601586475744305
0.38530397025355734
0.4005177797901065
0.31806706922797773
0.35779884227533787
0.3548863225470309
0.360019821024942
0.37817098966316437
0.36815083504915946
0.3815389642381767
0.3908365984876084
0.3598294620148363
0.39808589548594375
0.4220583893330409
0.3433046803151437
0.37131501821351426
0.32010922167042066
0.399337269252649
0.3808668222789218
0.3946257524754966
0.32090943076517703
0.35493078165264313
0.34031000816105894
0.3292222200783169
0.363932090575545
0.3902689413845495
0.3818482475902897
0.377890411615188
0.3399173570315811
0.38250322681570864
0.36000259920972466
0.3703828972860484
0.38000994116192277
0.3733178509849816
0.377295817469499
0.36216876343155996
0.3742979194908284
0.35711873191755394
0.3776263010535129
0.33817064770169647
0.37438542796197105
0.31796583728591576
0.41139347897232453
0.34635146093076385
0.3454329775037077
0.3953193139876656
0.3481640927513117
0.31559847213950387
0.34360239516387375
0.32697270415667934
0.4112010671867772
0.3670899153703552
0.43857402383341937
0.3366769730942515
0.3768356972190029
0.36729820311483524
0.344861897203458
0.34755450723280834
0.3618316515993074
0.3487719305763354
0.3509552567478217
0.3316954980377721
0.3122742519282559
0.34132265464505024
0.3746719560170071
0.37679042353349407
0.38370849897147774
0.37270913505489167
0.38144066650578956
0.4150803074870952
0.3429709175930661
0.3487371935023361
0.3872162092986544
0.3780174750890906
0.3727201763549228
0.34108156495352165
0.4062263901666481
0.36117311425416954
0.36325797560936046
0.3787615380805514
0.3766827045425035
0.38316304657010714
0.420908345955301
0.34980840192675594
0.37993698829425504
0.36128853562865626
0.3684920731782728
0.33622283439318656
0.38676700580674533
0.3666890436676292
0.39390756232521784
0.3703960330416539
0.4174794143280936
0.37665850207499646
0.3677355175347539
0.3857931387161562
0.3460521131473644
0.3337082013144729
0.36320141853648474
0.39245348210930464
0.3789652370143797
0.3669514934150337
0.3627454565403442
0.37250081950885267
0.46366457174758235
0.399360191912553
0.3649444174066375
0.3557290757565096
0.3721960452264035
0.3941048508905838
0.3707568562755229
0.38750271253125695
0.4260354189960303
0.3577496492531635
0.3648157594519284
0.4042036344857894
0.36170720308205706
0.3482721435754292
0.42290612950599427
0.3582712244265685
0.3878576605596996
0.3551088276997122
0.36196538572340087
0.37317190366312275
0.42124241007197477
0.3526413792714348
0.35778588602015365
0.3633430449281551
0.3653389006343144
0.3883446914383112
0.3723810330839399
0.3703916371075827
0.3731150650716431
0.36215282164104706
0.37484210830875525
0.40397507207691713
0.3658407711115043
0.38712633446615147
0.41188273921158525
0.38308330413303676
0.3915853686514831
0.4101951700699364
0.3748395013235105
0.3458620542197986
0.35977854415159205
0.3143223250475641
0.37381915116233905
0.3757876231517904
0.31843799411109897
0.34736895665986767
0.3526365239047726
0.3450147205314321
0.35831763389299953
0.35645646237600087
0.36690773810219823
0.3863261903152167
0.3723068144285949
0.36688953644502653
0.3377790447842302
0.35360604429307363
0.3300342573485459
0.3627654474223566
0.3621277972210427
0.40796939802098875
0.4097889002209013
0.3759057704852264
0.40417066463354984
0.34109454308578646
0.42367407149401465
0.355499269383084
0.3613510603311788
0.3786352799112573
0.35093670432676405
0.41408662885705827
0.37164605143501994
0.33545920103275567
0.3838803910749332
0.3936270552772873
0.40485684250210685
0.37134028547069015
0.34337134970610067
0.3565814844162881
0.400311815613229
0.38061292255143025
0.35753873262272257
0.39173905029415185
0.4090364027240875
0.367926741710047
0.3543589914385701
0.36913574232277263
0.40910390883724695
0.3661138120410793
0.31809435439304184
0.38840881296749996
0.3550706386952832
0.393478549800767
0.39903401503186003
0.3454546446977985
0.34415431805316615
0.4192205419765724
0.34939868981859723
0.37368115266711155
0.33559010699251074
0.36111763820997517
0.3911648697975753
0.3534080137410804
0.3795052092993246
0.3475841579346962
0.3502410822826164
0.37046780971766624
0.3490077008002551
0.32774128808057224
0.3754703980216031
0.38722322412225296
0.3935932450434691
0.37322429007166924
0.3568611396839535
0.37031962325973017
0.379335547022177
0.3857232963181094
0.3804371085025632
0.36702083934176677
0.4290255502451837
0.36734099702324274
0.3444145519244137
0.37823652528921314
0.34998163204405247
0.392146910724381
0.3623957082144384
0.3829343964346506
0.3450772447519854
0.3779956762663366
0.37331601331802505
0.3496750026889802
0.35036034285036843
0.35527230904666707
0.3724028176139121
0.35815805594566635
0.3554949487847103
0.3758205672509771
0.37187772513565837
0.34676589469932945
0.41328106020640637
0.3558709527251745
0.360271016099019
0.4104382569142964
0.38149228768000143
0.37587881404806517
0.3724122679477301
0.3782622978702897
0.318603413762126
0.3337915777399515
0.4154935175139876
0.3621534396994763
0.38699848886733385
0.4067018095016743
0.34454076762370367
0.3530020619570725
0.36517556199476703
0.3579751773857181
0.38172132585774743
0.3707947145253929
0.35751872801612705
0.38116881019742743
0.3570570469367433
0.3876364814421975
0.36611546664810746
0.43119939260146367
0.36165114645749774
0.37762857763441593
0.3824867988845927
0.35647556886325615
0.3631519446496249
0.34912143684962926
0.35361061671309557
0.39263419583205006
0.3386867661160279
0.3587931378167025
0.334835074978902
0.4327940562246038
0.38564510774642347
0.35376625458763766
0.3931556892524076
0.3850567830049861
0.38775480318371264
0.34159473314217204
0.3319865274251372
0.38439422625931
0.3518661235013121
0.3577694369812272
0.3848924756040154
0.3787375191429826
0.4091677759222784
0.36477760220160904
0.36186829521312414
0.364016608947095
0.3481807431224691
0.3479739261550785
0.37584621113018357
0.37862038750109867
0.4079911975621731
0.3654624475472056
0.37383281702954996
0.3840959932636295
0.4201055429967696
0.31072508331891013
0.34528140267447455
0.37161540524041
0.3839891238137779
0.37081281735233934
0.35943442377534124
0.370512630658488
0.39307378060762643
0.4033917931003349
0.3502940354495542
0.3855096702463689
0.38019431820749156
0.3823971261561381
0.3867339064587724
0.385558765250901
0.3543458261612604
0.3640577938012087
Fator de regularizacao: 0.7
0.2608855379343672
0.2608855379343672
0.26455011055953376
0.3013113259491282
0.3038786622650426
0.2942183669110518
0.2796911727084595
0.303632447095096
0.3020935426214031
0.3018189689707095
0.3350564463907422
0.3101794564673736
0.33513877555909255
0.30626096152916504
0.354476615114196
0.3570442986244841
0.3202308126872883
0.3086014262538466
0.33236123258189953
0.3213242873046125
0.3273238181772894
0.32934469947216066
0.32947675958744205
0.33873435131034446
0.3439428287919548
0.3227668525164259
0.3061372058483739
0.3164895219603431
0.3132186646664773
0.31222845981441705
0.3198624236363094
0.3179010322013044
0.33341657906099054
0.326255144317522
0.2994748931114878
0.3605295758023216
0.32170525350876195
0.32584388616187854
0.3514641523051568
0.33656300986696236
0.338451407086391
0.38064166991631404
0.34522749381755174
0.3244944368236867
0.3606372339761713
0.324126705728139
0.3160949922594697
0.30772710924376256
0.3223519628323171
0.32459924031885923
0.30840755129621894
0.2950391316923884
0.34316993911763827
0.31708582603742896
0.306477498606457
0.3226621031513269
0.35507151464975173
0.3092695995680007
0.35076864486726883
0.3250821847281392
0.3205192401446898
0.34539199857873026
0.30324243394836836
0.3128528247593688
0.34580663857199506
0.3113774455163919
0.325919915271594
0.3207114564825407
0.34625562749239036
0.31447021643307405
0.34976391056334927
0.309883622115908
0.3200890955207801
0.33879065667005626
0.306155216053846
0.3526839579423513
0.33122251587548623
0.353509720867497
0.32614516299881247
0.30858845974699023
0.3520146795892001
0.3214041673617792
0.31992557442523906
0.3030038935529996
0.3538248266820333
0.31469280599633687
0.3127102112954088
0.31312174886197774
0.3063375377656011
0.3340841712038851
0.3425753359959183
0.29369464935907824
0.3298866564271963
0.32050316735085643
0.3203881222752006
0.33921317955667485
0.33164747233644404
0.2946586946189109
0.326269623968698
0.34464047478635
0.3002318531023788
0.34584982991625757
0.32823782142977914
0.3141679783031669
0.3091663540498108
0.33976127873708395
0.3072500529284302
0.32816164498250144
0.30717203210957617
0.31862728943228935
0.33303147765819385
0.33762659621217705
0.35633935860533833
0.3132161852635525
0.3065072874858111
0.33942389166047254
0.3643306485834271
0.32163367347108207
0.33534011734937713
0.34505079697175145
0.34625727211458707
0.32066271848602895
0.31679173408713035
0.37747956866388427
0.3197891308297568
0.3226256190435593
0.32024005417719714
0.3311971344798237
0.3206321270229667
0.34215769486412273
0.3201838512881186
0.3159424350426116
0.30775102667751686
0.31885153864286514
0.312038528602434
0.33135935301448477
0.41184272023166957
0.34304304152770027
0.3183873042553751
0.33081999422234126
0.30224780254461425
0.2970340444960698
0.3107134597302179
0.3060359221335806
0.27689797995966187
0.32454471830375553
0.31144417444153294
0.36208302808452203
0.38210002018490336
0.3539880580894026
0.29915428281642487
0.3246416631578829
0.30859270303830855
0.3025733645271559
0.3354996960684833
0.29137150383636634
0.3152238939915996
0.3235841328213972
0.30824184141885297
0.344100228522502
0.3418340783995969
0.3157091991131843
0.3154986465359667
0.35151767130221057
0.3016224156184616
0.32439487164587616
0.34011774081965224
0.3735343961475626
0.31456597847075085
0.34772262675878846
0.32633430626794735
0.30558189687127413
0.31696242868406777
0.3303043074466164
0.3085303788659864
0.30064165027859674
0.3525787971931331
0.37197278271730905
0.3119680688404972
0.32413791241799417
0.3323014073603814
0.33058060804492956
0.30429216654854435
0.31047031615073684
0.31196522499232116
0.32778586692893397
0.33606940835500987
0.30274010503216015
0.3217379041043491
0.35767584716139106
0.3379683455190509
0.3261791280535312
0.32692723361352405
0.31994321170409423
0.3532677648181255
0.30845929297167335
0.29997084035982535
0.3638503511728839
0.3444550008181415
0.287978849458316
0.31037412183266444
0.31428829733680386
0.30565583231535726
0.3370544386592997
0.35838334316823894
0.322169279999082
0.3160772301144736
0.3105146217449803
0.2918689897194035
0.35970449731058896
0.30998001721939655
0.2980205641745187
0.33584856335459146
0.31282504597070954
0.3314524376382436
0.32451111850609904
0.31466390225128277
0.35592958271331815
0.3081937020291211
0.3413394632976466
0.3624024549354
0.2864716492094619
0.30641604018822005
0.3214371947644003
0.34563658066473724
0.3018502474171356
0.29788232657719593
0.287325522924925
0.3174449434987121
0.3307628065051599
0.3321402750152834
0.31255646908169493
0.3004549728291824
0.32101391956028646
0.32256568792632845
0.34099729421461183
0.3512668552349924
0.31480050730681264
0.3116963558002511
0.3443833745062427
0.34675615994484266
0.3288621094314918
0.32548117979814933
0.36337989108569324
0.3001479765325446
0.32175612171214973
0.3348031294430552
0.3403177746544183
0.3473511412696463
0.308559900187183
0.3181305796842867
0.31289243251762977
0.31011881143933334
0.3205834930525508
0.3171856615343017
0.3424292926368826
0.3163765021725683
0.3121411158180901
0.30851306111030274
0.35642782497209846
0.3178693270137265
0.3225352199588728
0.3023341867111072
0.30473280271167463
0.32599261528537293
0.3127476690163576
0.35313665974435793
0.31607825665102424
0.33172260167525564
0.33694008508373335
0.3386813177079149
0.3096163216462272
0.2995182147592891
0.3553259482246233
0.3104947617615199
0.3144647615443298
0.33540335386932735
0.33653510610522436
0.37395524762319204
0.3583083078000102
0.30312960317565923
0.2928425628085326
0.32686215610822905
0.3200893690030353
0.30211359557442197
0.33825489916177476
0.39233319088238516
0.33538060418756527
0.3221199205261354
0.33463207031940523
0.3097627231559815
0.3124376633789232
0.346372495564443
0.3421822994137132
0.3576190715181161
0.32207412500943056
0.33127234171585135
0.30701492804159314
0.3474863351503623
0.32434277857185345
0.3602941951073708
0.3057927460625203
0.33373925906216984
0.3026256349631777
0.33903494312873506
0.33188526616022296
0.32687375920040157
0.3457368046379769
0.310073853806903
0.36374206682293464
0.3090024730200297
0.3107332352807065
0.32839530882495616
0.32745997953196804
0.2828446154269098
0.31232031649949604
0.3060045973924631
0.3104346703540965
0.3178674044824268
0.32098041878090244
0.3118032587883084
0.30392857309410826
0.3145950160890244
0.31185056237453296
0.31758877062106305
0.3255032854684038
0.3028164711833226
0.2982352601539206
0.3033700365384257
0.32954612105520253
0.31019809929195635
0.3241078869968198
0.31645099174565033
0.3503979032472553
0.3145553141950228
0.30116631799436927
0.34523151122131124
0.3667290279353175
0.3667476572077822
0.3188107136002788
0.32831393650592094
0.3105806959335053
0.3125170783639285
0.31084308099445873
0.293825996398181
0.31197762317567396
0.31989882782814916
0.30461406131378677
0.32280396385438404
0.3306018906631718
0.3317857156995446
0.3510844871583453
0.3255479387917176
0.29089538643595875
0.32328442901734616
0.33761527759783744
0.30808893339355986
0.3225719534761532
0.30007343258396896
0.32014472481536377
0.32441339862739055
0.3398844298307352
0.30460502886896484
0.3473270724660366
0.3705655052515158
0.3184500123411884
0.3049962434180857
0.311021182156494
0.32768767562909806
0.31064934231542907
0.31360147182151954
0.3086870373586184
0.316059566727078
0.33718656983294126
0.3040682517913273
0.287835405142453
0.3064111587051791
0.3143501058620514
0.35067390390859476
0.3286751245748762
0.3202514179117869
0.31229680824386064
0.31269172527699435
0.311188475541277
0.3351445969619754
0.362682245149203
0.3360542277183649
0.3085288090372124
0.3455385657841111
0.316050809572326
0.32948657876645493
0.3428049188470058
0.3113189687869343
0.317236432990839
0.316875225590363
0.32773122511169017
0.31404766280454816
0.2994468276775075
0.32352966148921675
0.34193494734828317
0.2794473534465186
0.30406779882013213
0.31620494077684513
0.3018902466515868
0.3023325848289474
0.31670056855556733
0.31636863815433064
0.3296422011581253
0.3264371213467616
0.310202333864601
0.32071119828787525
0.3103677065007471
0.3547791174460636
0.3027565526233347
0.3157120114782642
0.2757636217973021
0.3081740322778366
0.3282452810483106
0.33802367861488136
0.3404523989677373
0.3187113467088193
0.33947006871597696
0.2973550204161797
0.2948323301851306
0.33516738330599744
0.34712080968536013
0.3533018695018456
0.33184002603357765
0.31606741546348943
0.356403395048578
0.33115969748229324
0.3656566604044887
0.32611293001564967
0.3312220957004183
0.3511991720828238
0.3411492741967773
0.29988741767763544
0.3321475590686117
0.28520852538757946
0.3181806291718628
0.31259703624020785
0.3012838044156162
0.33693892776903844
0.3276537346596875
0.31381312548282786
0.31358129208329266
0.3311361080739277
0.3128511881423881
0.37056261225790543
0.3101331569073421
0.31956087723122245
0.36005902025997694
0.30127228038604026
0.36302815246339637
0.3253677665951021
0.3082185545269277
0.33243177731314527
0.3394528136393286
0.32001851893531846
0.3261060030353774
0.3354132810893179
0.33637787204677316
0.3321998433344937
0.33733437411840017
0.3021793179832416
0.3460078004253959
0.3180872030554702
0.31824880023743846
0.3744052646477716
0.32374586199738625
0.3460499420899711
0.34347353490382543
0.334337673512176
0.32387111184016476
0.33938003176195236
0.3282289647930375
0.352504517473743
0.33817990753164895
0.3436474745025154
0.30274211286107905
0.326003135980792
0.29268890116801116
0.33228954369762864
0.3211360585602093
0.3122223445972364
0.29952281720096907
0.3137585145320802
0.3165832615922059
0.32305142363541595
0.35392395986139363
0.32420944867194185
0.30253886399863933
0.31664107047795886
0.31220039660163784
0.3081317679328511
0.30649581179435936
0.32327964701140444
0.29888054755444216
0.3493650218408238
0.3584110786058055
Fator de regularizacao: 0.7999999999999999
0.2608855379343672
0.2608855379343672
0.26016671791943063
0.2667347596245369
0.2660444530373171
0.2759979924142846
0.3063871204844381
0.3021787061682851
0.30018994071180183
0.2843155344168112
0.2864470157616478
0.32972338869386053
0.28075056766423906
0.30229979514572625
0.27908646814938665
0.319165379444991
0.30574827775437374
0.2934214115056931
0.2711418593864834
0.2938500859059975
0.27541341141310516
0.2788129430255629
0.3172613795421328
0.30957478835841556
0.27717655219395965
0.30419117324495415
0.2969468343525004
0.27637887113590676
0.2816540873957609
0.30585968543350445
0.29085422930203775
0.2816489661786692
0.2781572789766475
0.284768528024165
0.2689063927347794
0.3053370845083303
0.32017591834424775
0.28206310833031145
0.2724064636219955
0.2980977435688616
0.2817111634296826
0.28115738638329024
0.28539505154596234
0.2767358764805005
0.32406367630998434
0.27527443508749244
0.2901500713330297
0.317411283549939
0.29794419864975147
0.27167682985819736
0.2866154394379636
0.30301791736560796
0.28644448508381337
0.29082084424780863
0.2811843423896151
0.3111104997453454
0.298832417880852
0.31657602049879935
0.29053988467186687
0.32875243066464643
0.3119809272224463
0.2808186077425221
0.2840089992633153
0.287351625988642
0.3207813942894298
0.28685666408983346
0.33322331274756894
0.3018062694448117
0.2939891841320111
0.3499408847896755
0.28874574694636035
0.28573519540624254
0.30646031614066377
0.27464143616375164
0.2752301333038217
0.29689831574134595
0.2960488786587919
0.282469181557205
0.27804652595299534
0.2794219983213524
0.28717510728508444
0.2942420891582219
0.3067806016708305
0.270676337492731
0.30671004207360175
0.27960249405474774
0.2789357801017797
0.2795250403499601
0.2740261974842214
0.29533956330802746
0.2725424519322292
0.2906390985900464
0.2933042239708676
0.2774269827091072
0.27331591152569545
0.2730710265684566
0.317890294321392
0.2767286164122476
0.28981422305269217
0.2837919258800293
0.28615454368820414
0.3062622185973964
0.30978981601894284
0.27874227628090226
0.2771918968453443
0.28538837918721593
0.2745416148037507
0.27758885300920605
0.28137194448884995
0.3127839178495611
0.2732166036485134
0.2775088980603219
0.31453591200704717
0.2868496814556114
0.29897476535624495
0.30042404679865803
0.3093685215408627
0.2840772641729513
0.2774943649438678
0.27526496221061136
0.2832790608551711
0.28365641755849647
0.276461365657551
0.27830730416732485
0.29921258670259243
0.27173824437068933
0.301911365600667
0.2735637636707682
0.29726872607236493
0.28079082322486376
0.3243019870455653
0.31189939081760126
0.2891635340550464
0.300745856389372
0.2788453055510957
0.30304855666840763
0.308712996357264
0.3217252114570974
0.31481253336093534
0.2776394756617515
0.2746966742822078
0.32791995696844495
0.2831638677072961
0.28588082226594136
0.28195600721840264
0.2835768477606108
0.27256545202690546
0.2745991055128154
0.2955336988177736
0.27353068312214107
0.2915435780704463
0.3042857470264067
0.2831191404246427
0.2982934652288178
0.2830032695264729
0.3049086051247908
0.2852244236400755
0.3094702458706567
0.274115801016907
0.27624331506906036
0.27876296583384963
0.3107436932287099
0.3511460519940845
0.27601942586924216
0.3050822190805796
0.29474031800477796
0.3063554488610357
0.339853331527197
0.2903240118681829
0.31029697735589357
0.29628021421480166
0.2864023818988978
0.28846049835209897
0.3025461869132928
0.2772319981009933
0.287327922222507
0.2785917092211035
0.3008886716591216
0.29778385757271286
0.2753589220625804
0.2853455317893425
0.2988342284301145
0.31132023248189683
0.28245426314975564
0.2978969602804607
0.304245963432952
0.27318166167731917
0.2980004516548852
0.30302204326767984
0.3053581664360118
0.3006890841592768
0.29622414761564886
0.29626242275702797
0.29266758865191855
0.2836545551446442
0.28847558654337163
0.31603164962397534
0.3123828545731916
0.29712102110611316
0.273090204671304
0.3109117854935063
0.29141328244229975
0.2753746556704659
0.2771535712667753
0.28448789406886155
0.3018833275051075
0.3082770883871179
0.27756867870374435
0.274685571614755
0.2926564599823192
0.30658307332132034
0.30588944398255263
0.3081212984040012
0.2768324641999121
0.30210768092946877
0.2732560830216484
0.3094970106561298
0.28700023043007
0.2909141230628359
0.27961160382095646
0.2852811138024927
0.2774869158003191
0.26822985625013324
0.28150008160507506
0.2914709028728224
0.28058868701171347
0.2905738524934494
0.281086332656486
0.2927071070012582
0.2903842749792914
0.29976043087831655
0.2710710624284763
0.32018060651399893
0.3146288406367613
0.28213457843375833
0.3023115617498709
0.3043310389872187
0.2746574602230051
0.2852963899752848
0.3064581877399139
0.28714406991323743
0.29167872866383887
0.28391060783849353
0.28491627842618056
0.2710431978158058
0.2930820685768998
0.30188113899869384
0.2945499860984025
0.30478089097806105
0.3062211665280109
0.2915904251366436
0.27718914946918777
0.28955126934846875
0.2728907491678846
0.2809132122344572
0.2852221957061775
0.28692547376619043
0.27306067667057593
0.3140226899475044
0.2964626361482549
0.2917420838728993
0.28806143508623233
0.337468911578262
0.29072139503150185
0.31484285562207937
0.3245854764636249
0.27463361800057584
0.28432628088195006
0.30634724004602604
0.300244823649605
0.2768742064996088
0.29273302259151507
0.3108557746116815
0.310712928800179
0.2876260336242085
0.28916876599037983
0.30580640741491716
0.2734156097091563
0.313066394517003
0.272570211212133
0.30259938681480203
0.28250215910728443
0.3125212309663901
0.27722493740853005
0.2990944555814175
0.28176145694551125
0.3242099674902506
0.2820491119897721
0.2857984207227681
0.30680045684922974
0.30815025689372944
0.29060776916832276
0.2842366387358256
0.2962169898174233
0.272711480720624
0.2702356922440186
0.31240810716305567
0.31749049423381065
0.3056595336452153
0.2835653272170739
0.3165372651229868
0.30253471538299836
0.2774675855009151
0.27734131787562655
0.2951076164605091
0.287243488765517
0.3001217398288359
0.2732167507220443
0.30862063225676023
0.31715962307613643
0.2767444693988603
0.27640433296140526
0.2693586570799592
0.28365997527309716
0.2793458893457575
0.2733128908023254
0.30413719411121903
0.29272301715836974
0.2949451583148576
0.34472398764006623
0.31014051677508736
0.2781546745563528
0.2738380490882344
0.2945224923315448
0.2829642765105783
0.28286311799622843
0.28016930039906185
0.28946109314445945
0.30485760401654766
0.29884054273557936
0.2815696670502904
0.2948878470968375
0.3053635586942015
0.31033973008688104
0.27978972894637033
0.3363978274704714
0.2949620624635563
0.3008572963685306
0.3001019830362595
0.2879045127453289
0.3082577650770397
0.3031614375551024
0.3003034111936055
0.29424321044554663
0.27327104587839235
0.27741281886351293
0.3174318714788124
0.27970774425965816
0.3124407347948718
0.27532092387908413
0.2802244856852787
0.30772775967941846
0.27781284188895217
0.2774350061523117
0.27538368601365426
0.2767285692916018
0.28839221150247507
0.30190301189230234
0.28215867421193763
0.30465757265991966
0.3009120630393928
0.27746068668941315
0.2795852066046912
0.3044333886562887
0.327625207454541
0.29216039595150944
0.27533989103326384
0.2990191133549841
0.290813843926013
0.31200567054239714
0.32605351191237303
0.2701490623140572
0.299155548192082
0.2849737318850791
0.3038289809973919
0.30618978229106014
0.32512913242362507
0.2915161066901656
0.27413502624040026
0.3083003572687002
0.30575878683666713
0.2978873685111115
0.2746186551438319
0.2767875408292341
0.2753679801005724
0.2981909964433701
0.28816860947602735
0.2886591549458789
0.27882813545732027
0.29864057446190156
0.2907492290647653
0.28027999509026114
0.2765302807303055
0.2739507580483629
0.29265239312112673
0.285203575599654
0.2787010689789757
0.29574253419385144
0.3303720783356614
0.3064092794735833
0.32059525174328074
0.3087483055430164
0.2905311525545481
0.28703048236675033
0.27741066622993416
0.27528418906117647
0.27475518468465926
0.2985544269032593
0.29650950034229623
0.3283671985562227
0.2841422348283449
0.30823700300194457
0.3073627124714037
0.30376935268701194
0.2947417025579145
0.29038163949079937
0.29464184138255495
0.2865991974131689
0.3091976244688713
0.279407118267781
0.30778906136132317
0.2913745671929099
0.27245678709874854
0.27510255281267765
0.2782910570236493
0.27465034174833114
0.27372290275765176
0.3041319437825372
0.28662136867403654
0.30216051802327304
0.30629287953823103
0.29372555460486377
0.29258984455857817
0.2765837638997779
0.31476753060674806
0.2760105505451241
0.2963429199816694
0.30619519389251604
0.2764961295099868
0.27090002039988853
0.2758794535162206
0.2696574152845638
0.29326093253015584
0.275909191178794
0.27950670597672317
0.2714532519420415
0.28767724694443175
0.3046600029916907
0.3090809137558342
0.30186536564369637
0.2740171865668753
0.3025790649163958
0.2738038939728441
0.3025465070566405
0.2930287645724071
0.2752043356922492
0.27779455874759146
0.3062476976577396
0.28098321481363997
0.28577828923948484
0.2861174831817758
0.2925067469463325
0.2864462078114467
0.30796446688038176
0.310028142503885
0.2772982818245951
0.2853742620401298
0.27470324989921624
0.34149000232532356
0.3159754154604594
0.28940335714564036
0.2759610843235431
0.2730999401562374
0.3065592336100903
0.27821624732137373
0.2839403623186293
0.2761685630189342
0.2745227139877806
0.29013791800745803
0.2800766714175261
0.30862538652436583
0.29259779472497466
0.2864902329580686
0.32695528500260995
0.29723353789583645
0.32147494444132946
0.34086035093606315
0.30008199656543255
0.28727094297621675
0.306284108048814
0.30419175187538816
0.28873324535049794
0.28493663890737786
0.27520636220114797
0.30747440678803634
0.2929448131823052
0.2874130876217798
0.33257831222816114
0.3200421983605022
0.29889542116843826
Fator de regularizacao: 0.8999999999999999
0.2608855379343672
0.2608858623418903
0.2608855379343672
0.26237988041215055
0.26894792211725677
0.26894824652477994
0.266805556582544
0.27675695250597204
0.286973871871116
0.266805556582544
0.2717317435691303
0.27258463012975287
0.26673508403206003
0.28983731349366365
0.27025253019060813
0.2718133122783789
0.31500776697641775
0.2667158588085668
0.27468481746694196
0.27686065322010567
0.2847790874493089
0.2724928471143572
0.27244874715228584
0.273084192860812
0.27192186374768046
0.28063480623205184
0.27185559580866925
0.27116118994274335
0.27466158523748263
0.27526725842591193
0.27326203496104623
0.26950937596488755
0.2701889108008658
0.2689060683272563
0.27170973094297257
0.27030508623916644
0.28169065998750414
0.27257333977681153
0.2782910099030035
0.2761877411217816
0.27092182532589915
0.266805556582544
0.27392802414908896
0.2859702866195434
0.27258463012975287
0.2716994226842913
0.26667437654673526
0.29624530371589197
0.2772120437782917
0.27183881384879316
0.2826979520437573
0.2667635974597768
0.26887787930706264
0.26680523217502083
0.270243901892906
0.2696223262398386
0.3045088859744652
0.2667347596245369
0.26673583817987306
0.28085534012674385
0.2704512755123863
0.2900062569681542
0.2710902876519695
0.2709716970847753
0.2717222611707301
0.28165118061436917
0.2702439490135518
0.27040008639751645
0.26895693303460294
0.2729883768296334
0.2755053169512764
0.27111371748693563
0.2725935939264532
0.2754768088567512
0.266805556582544
0.28861234434313965
0.2682150075922235
0.27258463012975287
0.26676327305225367
0.2667158588085668
0.26680523217502083
0.27259364104709904
0.266805556582544
0.2725650804987365
0.28132179856685274
0.2725541145533183
0.26676327305225367
0.2745495833045212
0.273098955497814
0.2667629486447305
0.272373559865869
0.2703578028672261
0.2715858787034336
0.28525443867992883
0.2757973348096106
0.2667158588085668
0.26816839461699543
0.27032918410674267
0.2667161832160899
0.2710907173922594
0.27175769750872814
0.2667863313590507
0.2710934162166481
0.2667158588085668
0.2714783014339449
0.2726218300672926
0.2717379670838119
0.2725142629120357
0.27187958021739
0.26680588099006713
0.26901871907526387
0.26899949385177063
0.2715684273211401
0.2787981113594087
0.2689056385869664
0.2754971101270387
0.27522323650821934
0.2782159229138506
0.27255773919649634
0.2827828644672372
0.27688132334721094
0.2761685158982884
0.27172240824426097
0.2826583224337189
0.277596867723938
0.26676327305225367
0.29002147094529596
0.2991077418719806
0.2681630728067804
0.2725940707873889
0.2861532687186582
0.27169083012700246
0.27968199899182766
0.26812535693889206
0.2912707171848116
0.2724567399781027
0.2729979341334078
0.27745446692191805
0.27102423066162606
0.26676327305225367
0.266805556582544
0.2675192930047299
0.27326397077155445
0.26888646048411896
0.27177107586873434
0.26823839030654373
0.2745083788126898
0.27245545298264073
0.2703581272747492
0.2739108121657886
0.2725003188867997
0.2660444530373171
0.2711418593864834
0.29717065312308233
0.2731799476500978
0.27045122839174046
0.27441040518771614
0.2768859354589075
0.28008336487739033
0.27517419001691173
0.27176469177455137
0.26813940432834305
0.2764247411246706
0.2718747739115167
0.26735509571847993
0.27040008639751645
0.2704416157799938
0.26892869689376353
0.27537440352102427
0.2725935939264532
0.2895949325296275
0.26673508403206003
0.2718611562623556
0.26517774925347504
0.2704004108050396
0.2660678357516374
0.2689056385869664
0.27884435720910605
0.2660675113441142
0.272664113597583
0.27407324019973933
0.2682146831847003
0.2718744966246394
0.28646097441491136
0.31441440387856023
0.2684593530081823
0.26813972873586617
0.2732615963546889
0.2667355137723499
0.273189654503136
0.2716832532786492
0.2731665961963389
0.2856239318100235
0.2703804785543792
0.272380672860591
0.27721326200185803
0.26825729112251384
0.28106813397654756
0.2846227348206229
0.30112526889691527
0.27879692639249776
0.2914999318030771
0.26659823008370953
0.2695180042625897
0.27237341279233807
0.27026442249480587
0.2883069152889267
0.2891944086404423
0.26676327305225367
0.2718047311013226
0.2660018450995036
0.2667866557665739
0.27261249474242333
0.27864487750229133
0.2752615474873648
0.272500492809462
0.27252279696844617
0.28522743729502464
0.30145871161893156
0.27659564866819764
0.2786210909954674
0.27178512325818527
0.27259402366674307
0.2738569027835586
0.2943185126883439
0.29869733071705784
0.2760113606796504
0.2754411147062955
0.2829947638451015
0.2929531882527648
0.28134338459031594
0.27248331759531114
0.274421479653184
0.2786352223946593
0.29162891152708326
0.2667863313590507
0.2701682820561041
0.27382387334415037
0.2748930286011924
0.2732134750838349
0.26666428707405293
0.27954415935921667
0.26751924588408404
0.2703804785543792
0.2730736732590121
0.2760858849050718
0.265964137708855
0.27251827642668996
0.2774833382777868
0.2739507580483629
0.2745234856760136
0.2703570487194131
0.26744877333360006
0.26808634904681117
0.2710907173922594
0.2704152683290169
0.2703996566572266
0.27196387516918646
0.2849731673401252
0.2725235511162591
0.26937304061823686
0.269467139555243
0.27461329997579736
0.2787648162747569
0.27255698504868336
0.2709829181022192
0.27037189737732287
0.2810007831405742
0.2740457582067129
0.2761674398514941
0.2682381130196664
0.27042827541771
0.272500492809462
0.27245993488099096
0.2767572769134952
0.2711051363098793
0.26666504122186596
0.2667161832160899
0.307547433775702
0.2805786558091984
0.2747360065818118
0.2725025428188045
0.27548581977409736
0.2716932759479876
0.29846881237541784
0.2710508082788346
0.2710222948511179
0.27159150316835723
0.272380672860591
0.2666533211286347
0.27033851943161197
0.27212392563334886
0.2752704533288002
0.29151165189630823
0.2725310562465212
0.26888646048411896
0.26676327305225367
0.2718513911971964
0.2717468726683915
0.2711133459587666
0.27256988680460986
0.29361134135950046
0.266805556582544
0.2764161321529698
0.27220668693998223
0.26970902566248367
0.27987149184979565
0.2681286325771015
0.2730713509759798
0.2757681515041733
0.26794404509791636
0.2703601772840917
0.27477867273174617
0.2730444497984148
0.2871512969500081
0.2726551026802369
0.27389314013315963
0.26901807026021757
0.2788080727388593
0.2715069361077765
0.27320265621194756
0.2732162321203445
0.2687485377335929
0.2747548602771361
0.27176962829377116
0.2850519852707203
0.27035299656135275
0.273944581654327
0.30506100238473083
0.2703573731269363
0.27034447137100975
0.26886615921383145
0.27543258951595256
0.2723641800917051
0.2703804785543792
0.2760973970413
0.2952337678661208
0.27783956266796705
0.2667355137723499
0.2724293051057221
0.27696845251014585
0.2703333415975696
0.2731425760472048
0.27184626048379995
0.2796066359984904
0.27019574488163867
0.2660447774448403
0.2682995746528042
0.266805556582544
0.2724128450448272
0.2725235982369049
0.27079187140208016
0.27443198728765494
0.2874484214427294
0.273181883460606
0.2725513575168087
0.27978184119646426
0.27442148519586795
0.27236493423951813
0.2667347596245369
0.27245808247715514
0.27522197328022574
0.2724288753654322
0.2688517402962115
0.2674676741495702
0.2667166129563798
0.266805556582544
0.2800657954210003
0.27258430572222975
0.2737334214223601
0.27261249474242333
0.27035737312693625
0.28687678393706145
0.27388541621127543
0.29262311357826815
0.2681868185720299
0.27478725390880254
0.2819196224654465
0.27040008639751645
0.26813130887828984
0.26801540501527316
0.26680588099006713
0.266805556582544
0.28324303739636886
0.2659125188536954
0.2781517088470258
0.26821020128635015
0.27241303923900395
0.2737010294177656
0.27413470183287714
0.2717414392735775
0.26596338356104204
0.270097485098097
0.27044269433532997
0.2659973632011534
0.2888120115078622
0.26823843742718956
0.26929901150717533
0.2702708039176376
0.27115595389658015
0.27496738152706457
0.26894792211725677
0.2664387886597874
0.2703999810647498
0.2667161832160899
0.27249934791591623
0.27244122825919753
0.2703807558412565
0.27098291810221925
0.2703178937538013
0.2788511104169627
0.2703288596992195
0.2688113925764294
0.2716947791777037
0.2726128191499465
0.26676327305225367
0.27248056055880154
0.26673508403206003
0.2738534834260324
0.27452391541630344
0.266805556582544
0.27035299656135275
0.2703573731269362
0.27583836626763286
0.2718122362315846
0.2666342900993182
0.2682381130196664
0.3007988884038371
0.2725850598700427
0.272570211212133
0.2716478812087444
0.29702445054642296
0.27254202219193935
0.27666662133312514
0.27242045550785593
0.2659781379776601
0.2667440949494062
0.27377352847714825
0.2667347596245369
0.27306399666643516
0.2723998980840842
0.27096882359212243
0.30450813584517555
0.26676327305225367
0.27395427735877426
0.27750762215633507
0.2666453862580828
0.27265477827271367
0.2660678357516374
0.2780370549348276
0.27240516824358885
0.2950006419929389
0.27029045888142067
0.27455816448157755
0.27468481746694196
0.28185298328702385
0.27539353988310744
0.2703288596992195
0.27035737312693625
0.26600216950702676
0.27406455368991633
0.2725654049062597
0.2725022184112813
0.27236972126830983
0.2914209142614931
0.2704004108050396
0.28572460202091754
0.27038043143373336
0.2660675113441142
0.2703808029619023
0.268202105836297
0.2758029171761353
0.2823186487151502
0.2660867365676075
0.27185419535435185
0.26828034942931095
0.276033239230357
0.26950576270194204
0.28097419251606126
0.2904234259596016
0.2725940236667431
0.27894871456569725
0.27871639557662925
0.2671936158580933
0.2682381130196664
0.27099562299261776
0.27029013447389755
0.2726129244827132
0.2724285509579091
0.27168634822865234
0.29247398341356895
0.2713772410057419
0.2668058809900672
0.28522624965973525
0.27030508623916644
0.2717676924832629
0.2688867848916421
0.26894824652477994
0.2847156510877123
0.28688760636080535
