Fator de regularizacao: 0.1
0.25867269984917046
0.25867269984917046
0.25867269984917046
0.25867269984917046
0.25867269984917046
0.3376507330367411
0.691384912912975
0.5601110658410223
0.4824986772801888
0.4682066268899666
0.4465948489224133
0.48857660319212337
0.5257461268219885
0.60044952690975
0.6291253783301415
0.6539035964878793
0.6714148169169946
0.6840251029560684
0.7046033321618503
0.7174603690634813
0.7197090090691333
0.7101824776054816
0.722934841711766
0.721834459994384
0.7186956856845235
0.7267088075780006
0.7190640532127038
0.7178057785575929
0.7169537272124916
0.7134913602088628
0.7124814093964105
0.7161476019642675
0.7101743767338295
0.7210302831558124
0.7162744154445073
0.7159591839192307
0.7244948103399855
0.7104399135212751
0.7094764226737953
0.7342228380642364
0.7137086402949481
0.715471227044584
0.6965734198552124
0.7170227817478758
0.7187977102408079
0.7136457589364557
0.7191280288764578
0.7169140298146659
0.7204353913348913
0.7327984617361073
0.7205930457878582
0.7340882988922842
0.7318910837986718
0.7070921414270583
0.7222154321339429
0.7239906825854912
0.7178252820975323
0.7183430344621977
0.72333126648942
0.7203168109637362
0.7046884673132545
0.7271205728528773
0.7069212503214038
0.7207951780353902
0.7106737527435693
0.7254281416083959
0.7245861407681711
0.7248270207073946
0.7363855799338367
0.7245005643655544
0.7157034307533734
0.7202884831091935
0.7187561950895682
0.7174730431194881
0.7170061153974626
0.7187102288712838
0.7224876871724254
0.7168370801998798
0.7234106295377135
0.7189344758459673
0.7184167874238184
0.7226984057335939
0.725671526511231
0.7182282348036665
0.7202959595472448
0.7217701037072543
0.7201637192385715
0.7141533492015457
0.7026997341835035
0.7202647473727463
0.6943134922569872
0.7212399536083373
0.71087751629999
0.7110012936842611
0.7263487614595243
0.711732377990359
0.7316834230520495
0.7178760474667389
0.7201882885410836
0.7211516186662558
0.7207273589470613
0.7180691722829368
0.7187467230912702
0.7211187588831801
0.7266935039892568
0.7223595048474338
0.7212928078607987
0.7237786393759669
0.7175911203255991
0.7248128305427177
0.7230700666663274
0.7208377835458569
0.7253696305428661
0.7210169760149452
0.7325860251446739
0.719354961791916
0.7200073686706745
0.7202224311505795
0.7317279994191025
0.7207725115431793
0.7149385762105829
0.7254035219021957
0.7164338365127862
0.7199968117661478
0.7255358112197817
0.7200477280828397
0.7146351548785448
0.7150651390942319
0.7329931114293587
0.7224416798556001
0.7173747120951802
0.7264987621834212
0.7261768766730561
0.7130073953099695
0.7220591016890203
0.7152445227529853
0.7184112712932428
0.7071923189809052
0.7202461038962921
0.7198851130026305
0.7252600009883515
0.7169393473802838
0.7261415101739873
0.7214578795512647
0.7213065812513297
0.725667540212638
0.7219802599897349
0.7267195122267297
0.7194523243961158
0.7100093317572341
0.7155918743217202
0.7186341846946417
0.721809327104667
0.7138948958086578
0.7114886343814548
0.715515555262629
0.728309110997404
0.7235444641806541
0.7204644994612922
0.7302213737738107
0.7194032553086445
0.7209393475037158
0.7314558611493409
0.7174544233210801
0.7231475436274909
0.7186874542120206
0.7346498145620133
0.7209200040930382
0.7277821497557477
0.7193280918888616
0.7202996015891991
0.717854168731044
0.7207321740693247
0.7088892270669246
0.7183929295127603
0.7290821774069128
0.7253295430611765
0.7336067261533958
0.7093141553132519
0.7166344738619397
0.7215415246325115
0.7213949762287089
0.727073211741242
0.7208521959491037
0.7156325567506905
0.7187879847761504
0.7120473644261434
0.7165969153575606
0.7256611804143885
0.7167601679564608
0.7196284516481976
0.7204648214387904
0.7260820028711186
0.7200179314564886
0.7285992487959512
0.7218027422041573
0.7082289408317923
0.7193278173765132
0.7094722236166333
0.7066359531985981
0.7263606063757347
0.7031282767203126
0.7161733629855253
0.7108213796981985
0.7183540731495283
0.7162611730133897
0.7203947236232666
0.7180439623244922
0.7152146884385072
0.7180310142183289
0.7180294453209555
0.7171264028000425
0.7185603781032694
0.7198453248019957
0.7210236256921161
0.7159739869293047
0.7216126853893157
0.7164412118283928
0.702311931742486
0.7192077933776356
0.7266654731642995
0.7198120308926829
0.7206925553658365
0.7173254728023423
0.7169606496520444
0.7142609841745491
0.7161099839957671
0.7218162375174633
0.7170547231234317
0.7180219608428671
0.7274169148850792
0.7173224910761542
0.7197138238461095
0.7180850264775142
0.7208638771184007
0.7200366461217554
0.7171265650017942
0.7190670651768544
0.7199945554519912
0.7184491536488424
0.7189322421830328
0.7316678037173432
0.7008044324043048
0.6993442258379264
0.7132187998197996
0.716583783273052
0.7205855761673178
0.7142954607590769
0.721516199832612
0.7241792104608163
0.720548431671263
0.7184383038119775
0.719579671903934
0.720463515607199
0.7209683400746939
0.720060029489997
0.7167505757400614
0.7181586145512786
0.7243692015798932
0.7283585201412083
0.730376101971994
0.7238177453080572
0.7305343419386532
0.7163918124910713
0.7239403395575252
0.7228007642988279
0.709117424338544
0.7200754372785052
0.7163911024002516
0.725915316683458
0.721673981438482
0.7251208169154342
0.717865860152519
0.717237977895475
0.7273779863861309
0.7204123689530298
0.7176012259061774
0.7221406520909782
0.7205315757466197
0.7166695516946954
0.7174246955872925
0.7177594754306946
0.7189933245531325
0.7156911986121403
0.7322861831711316
0.7210940111036828
0.7118623675011978
0.7232397127408021
0.7138943608191003
0.719305270388815
0.7048792915251557
0.7224608294287571
0.7176062928206712
0.71316065434664
0.7278914624975725
0.7159575454641265
0.7189917154974506
0.7248379031611469
0.716660968369006
0.7156897057834294
0.7207971876532469
0.7180967983644283
0.7219914173245717
0.7238553506493617
0.7198669482849155
0.7150915844693013
0.723228666449441
0.7248870335510189
0.7155993023560844
0.7061921829035243
0.7274362243087602
0.7162714833281332
0.706939165222058
0.7277488494116214
0.7213494837070116
0.7138817451167931
0.7154120511792487
0.7226736966194454
0.7224797036746479
0.706968090962898
0.7121986500398648
0.7239128871391929
0.7213803038459683
0.7196951723021865
0.7073449667131075
0.7272186032427195
0.716851978220181
0.721874656785693
0.7194211509910218
0.7205245977528509
0.720208604764322
0.7171335174164472
0.7108918714788415
0.7163467777499023
0.6983265436754602
0.7285154348273999
0.7131600457244932
0.7270345627548649
0.7163953033308356
0.7195425302315988
0.718716509047036
0.7181462025929142
0.7206876531714471
0.7306600722299718
0.7221327963543046
0.7314730692936373
0.7104012322865257
0.7190466678950409
0.7204047551928942
0.7231576827788686
0.715859533411537
0.7295227220536675
0.7295308076224596
0.7181826568212056
0.7177944891956638
0.7143031363170642
0.7299706112781432
0.7168547676872457
0.710342659219837
0.7177566755523227
0.715301122120031
0.7200820358692066
0.7334793124944436
0.7294872938834008
0.7138351746755162
0.71751240161698
0.7171633028422548
0.7178455260446579
0.721225179283832
0.7260723192295107
0.7257543220950334
0.7176352015107391
0.7160288537031854
0.7178261344192396
0.7162529302257801
0.7161044184036228
0.7191026201669978
0.7265198094116708
0.7203521718672482
0.7145929914460019
0.7174283102122377
0.7179322205145693
0.7268410743629177
0.7212473130504728
0.7203500834596845
0.7190539441410412
0.7246728489779358
0.7306808470892109
0.72310061285624
0.7162246342910376
0.7211922268736578
0.7214360241497646
0.7218446659304055
0.7182123130612452
0.7131680568283998
0.7091725977800557
0.7088876571221089
0.722547084572518
0.7291453344060276
0.7222527025632945
0.7160859722255591
0.7178334259656833
0.7171446609572366
0.737099605229098
0.6983336766890862
0.7210999811783728
0.7175509143413041
0.7222492140199441
0.7224008858010251
0.7229207331940135
0.7162527550295936
0.7192011595478881
0.7242007841327776
0.7169333217577575
0.7288392812018708
0.7259462197160877
0.715917057615224
0.7184816213926564
0.720846371927553
0.708422834870106
0.7210570708901873
0.7190191299576741
0.7082489240649694
0.7207643891449684
0.7178801976791298
0.7223193046906556
0.7150386640492735
0.7206073260042223
0.7135515786007267
0.7265265125388141
0.7267629003782845
0.7243519559361575
0.7208602386310912
0.7196965267086409
0.7209400010390302
0.7240557566859832
0.7188804302019792
0.7081486591504864
0.7256022058586316
0.7192501278174983
0.7062309443648629
0.7106165434905278
0.7199872894806115
0.7211166744343279
0.738651185895508
0.7225305846216877
0.7288182265065243
0.7190984919227728
0.7198951296856068
0.7206926087890567
0.7178674214929079
0.7239322485287951
0.7185180183059138
0.7137531703512241
0.7177861421365858
0.7256303521523997
0.7269031375343449
0.724081380628899
0.7206388561378484
0.7173845396024185
0.7165519612887276
0.7209039025171372
0.7212445269484331
0.7191476101076552
0.7264237276215965
0.7052710757981208
0.7229195715155086
0.7088094314315879
0.7122582938053283
0.7215525530873755
0.7224920525284863
0.7227455839961029
0.7137067760284305
0.7234460382227142
0.7191869955570288
0.7207717296278255
0.7212344461222194
0.7172325868307089
0.725722187294216
0.7246309508630604
0.7214357156695856
0.7325971613743191
0.7167214780525988
0.6975692290650874
0.7325595696108007
0.7204458425349494
0.7261566330287874
0.7246092166477052
0.7183343860135007
0.7125469054952063
0.7335117700704336
0.7185364349746087
0.7302119838488561
0.7280403100388562
0.7218488488309938
0.722047893001962
0.7341805264577612
0.7170241290059056
0.7201494357853202
0.7208216093341688
Fator de regularizacao: 0.2
0.25867269984917046
0.25867269984917046
0.25867269984917046
0.25867269984917046
0.25867269984917046
0.6534634567027229
0.4516347588886256
0.3943257092863392
0.3943257092863392
0.3943257092863392
0.3943257092863392
0.3943257092863392
0.3943257092863392
0.3943257092863392
0.3943257092863392
0.3938445194350706
0.4013709924190511
0.4164381325897481
0.4508610687864529
0.5157860324269199
0.538851352941245
0.57759917194828
0.6305231536609183
0.6500093949453859
0.6511373570749186
0.6814645489800017
0.6767261990776097
0.6967505127724374
0.7049295830532338
0.7042368995003945
0.7056690319815708
0.7205028368530177
0.7187579554204687
0.7151220469892241
0.716586745238508
0.7187902217248714
0.7176346881417255
0.7177151327500043
0.7172313597810707
0.7184431134291209
0.7182784157473122
0.7187283457173717
0.7204846000004446
0.7308879536685143
0.7202830677358947
0.7242760358974132
0.7253114357557845
0.7150362924068476
0.7170681641605127
0.7098970884748889
0.7159491692412203
0.7277280744864173
0.7139892483891103
0.7119366740951458
0.7038195027299223
0.7153902192914521
0.7173753829102567
0.708265389490035
0.7094989814324142
0.7158696253625869
0.7246151068863197
0.7096400308193351
0.7146421079463587
0.7040537098551771
0.7077509115326058
0.718323118991159
0.711750208403995
0.7048306298670397
0.7117308412736191
0.7198438473377919
0.7191172406833296
0.7226435840637816
0.7190442198269421
0.714364260267305
0.7043676581256155
0.7134469148608235
0.7188668549220697
0.7167530775206913
0.7150113297343432
0.7077317864291066
0.7189230209440713
0.7150060549743629
0.7186451283615063
0.7160057554895143
0.7126065102143924
0.721592620398061
0.7173493078999793
0.7189942440377128
0.7260126147491728
0.7290780953051361
0.7028119413303902
0.7142226538662233
0.7115625469868909
0.723085667060302
0.7128336190313848
0.714003229799719
0.7175200753728791
0.7189061325516887
0.7102467239678751
0.7195863701463716
0.7134151596370986
0.7056692356293063
0.7210219913125665
0.7131339208886208
0.7227835600845546
0.7086214437289523
0.7115227132057677
0.7192111637503709
0.7145419161396169
0.7158508953734806
0.711966099632088
0.7163111663673327
0.7155179109520631
0.7178930925154688
0.7038840315928747
0.7148359748565303
0.710399431649505
0.7209253794136341
0.7265238317715119
0.717887337441518
0.7120148296568614
0.7228929183285426
0.7083673677393986
0.7077246355845122
0.7124423664139464
0.7195694118685115
0.7207128896603476
0.7184549684622028
0.706883808032884
0.714821267789245
0.7175390567446994
0.7160112708266004
0.7136787813182133
0.7144484306171501
0.7149326163632633
0.7196862261078322
0.7149504398610664
0.7256030652685787
0.7234184253474483
0.7161636107781193
0.7165335022757737
0.7244395583048518
0.7120538381225835
0.7146152691133547
0.717064993989312
0.7154849181244846
0.706019793067697
0.7056105754966092
0.7131239134651037
0.7141944024242928
0.7138944273406518
0.7289124568187113
0.7173468484142292
0.7160782255585147
0.7148208601560687
0.7127842205933688
0.7187541673047625
0.7144159525308748
0.7137831323875055
0.7182866807116737
0.7251918587787463
0.715307124606152
0.7166729220069469
0.7070808975737707
0.7145193278299393
0.7144821298061628
0.7141347963233015
0.7088690657553233
0.7105777567935235
0.7105582200023329
0.7231500855132562
0.7295672871917367
0.7108823419721241
0.7146482778399006
0.7159553227355636
0.709371000127584
0.7045490164475681
0.7138436336995232
0.712855810416887
0.7147035910461343
0.7115765056912184
0.7135502697843752
0.7238909406565768
0.7101054902786104
0.7111686344641985
0.7239651810790916
0.716387136091386
0.7141480522715675
0.7125291890251291
0.7174932344429898
0.7119095871105843
0.7167055000283402
0.7049297685243788
0.7049592837986669
0.7158900721731963
0.7196065495856653
0.7156300814651411
0.7183793035753898
0.7237921730568786
0.7125849360546073
0.7148490647920883
0.714580167887824
0.7186124571920744
0.713949069650557
0.7175462372413209
0.707688616900233
0.7156290531000706
0.7143936661417359
0.7126509513469415
0.7243761635606522
0.7158697141754427
0.7229948681414372
0.7108116986903232
0.7165577045166934
0.7161991317193077
0.7254286478212599
0.7159290304677282
0.720263285740084
0.7135006168718862
0.7166774984712297
0.7113919763344447
0.7094619428452766
0.7215209646434152
0.7181048909507687
0.7106098932143723
0.7199622986276327
0.7186558060663222
0.7162271401596525
0.7150750411217403
0.7192426283032719
0.7114947417938311
0.7157156467195025
0.7179303479002219
0.7128458345510951
0.7211272084853031
0.7191263085532985
0.7177183669827798
0.710818696930787
0.7145641233961144
0.7170983394754364
0.7235621986925964
0.7161345099939539
0.7159454426843339
0.7146894427798072
0.711402436334572
0.711848505013801
0.7117838299827433
0.71680454467974
0.7125340696801262
0.7155316926432373
0.7136426355558214
0.7088346246217411
0.7121760781904215
0.7119177352499165
0.7099168234172957
0.7155586413295174
0.7187721535563062
0.7188123161189224
0.7040569116489526
0.7202177042350972
0.7079799633165728
0.7103281060882678
0.717607167785268
0.7104480571143317
0.7046660012968897
0.7086858975607242
0.7150769956303428
0.722674952258529
0.7082095983494925
0.7223897970640866
0.7116950389827581
0.7162014460149584
0.7064707595616524
0.7228200291471005
0.7071020923970053
0.716442624181594
0.7158709698667465
0.71432738812702
0.7137608389507998
0.7270714958101214
0.722327377020376
0.7099041429009424
0.7128115356549755
0.7157217935934099
0.7267075450144141
0.7159477974566839
0.709532017498662
0.7155888734328009
0.7089998598859106
0.7251283561342189
0.7133896350981084
0.7139994278195144
0.7274700565896288
0.7164861798252297
0.7207273260310243
0.7111886596808167
0.7066365583669102
0.7121029812759195
0.7163839471811272
0.7140121122130871
0.7181251164251836
0.7139598023529485
0.7135129906421518
0.700971828376869
0.7193909020087188
0.7205957777555152
0.7099109868719249
0.7133090476936663
0.7130381450091182
0.7140366667998157
0.714593122783689
0.7121937885306583
0.7177269514576394
0.7145162767375705
0.7156663442681187
0.7107960834930362
0.7136199120474365
0.7157873198152054
0.7171922240096479
0.7061203403659528
0.7122663862577137
0.7163225259590428
0.7235129709452938
0.719327816519054
0.7139623227557945
0.7144849745988467
0.7240223437361102
0.714911201186726
0.7171408518452853
0.719228237674529
0.7177915186614442
0.715566631059456
0.7123209262546958
0.7164500968201265
0.7082896892199828
0.7145536798366408
0.7148282563536499
0.7089383031289501
0.7155453910764306
0.7143455247819851
0.7215141324769772
0.7133616981811477
0.710021307964611
0.7134436174368715
0.7178061787944456
0.717326609621485
0.7159811585619994
0.7139702979093452
0.70799190959771
0.7161898790543473
0.7189902801499701
0.7109433882234787
0.7079118965541675
0.7205305390417889
0.7138033792259286
0.7178159067129959
0.7009465066770091
0.7134630955722804
0.7101659962597675
0.7179290672661516
0.7170324023069722
0.7131031179702388
0.7152375919629386
0.7168297254395478
0.7168630890567791
0.7191400063219056
0.7154550816234149
0.7068447962262175
0.7159751873304316
0.7125862252880413
0.7167415355522397
0.7197381581478481
0.7150729137700672
0.711570087662625
0.7092124083434528
0.7144230055203981
0.7153273035085824
0.7268397774296983
0.7179696325856753
0.7242892886068049
0.7032581229527343
0.7279457937481553
0.7117882817388554
0.7129071943259044
0.7154429926012937
0.7171553970462875
0.7149188983456864
0.7167417445514069
0.7107750115826716
0.7169757796323397
0.716062933242125
0.7105287543291892
0.7157395023467243
0.7086977031998412
0.7062324665866111
0.7142753807275832
0.7159862782003851
0.7146151437457002
0.7148977017170897
0.7228629904362074
0.7168432216379338
0.7148652825084886
0.7220827456259462
0.7059264152676236
0.7158646455727469
0.7192127712414687
0.719758339465761
0.7157625785514895
0.7176986966350271
0.7115743451682682
0.7152899898077031
0.7179569832517444
0.7146157675453535
0.7045010838935551
0.7033092750165811
0.7025600371828546
0.7167219627094964
0.7191062442447151
0.7168899139678326
0.7090493388801075
0.7143597355207203
0.7208961005376461
0.7122627788638555
0.7057096782072559
0.7147593531570606
0.726215638442974
0.7180777375069387
0.7082633406482972
0.7187216457026013
0.7131138368340384
0.7156425929182793
0.7220542994361813
0.7117651765187021
0.7099448192914822
0.7111349279091377
0.7195108755287566
0.7137581326297324
0.7134382726235687
0.7083101767388388
0.7187613803079838
0.7073081132787874
0.7106744255821028
0.7150851669677429
0.7187442733292879
0.722208137282043
0.7159127501617824
0.7175498490799012
0.7268555415354345
0.7146325717532002
0.7203394482990624
0.7182010348335672
0.715185512625632
0.7082732815042647
0.7082117739644068
0.7170679825027445
0.7178083658841728
0.7162693155497523
0.7131251963154455
0.7190209744991403
0.7050779045947222
0.7154736783006339
0.7131596279225704
0.7143896644297534
0.7188354769135794
0.7123389647996807
0.7259425099341674
0.7183060201995543
0.713622689663855
0.7146347957822642
0.716095943454868
0.7191515269396401
0.7178457851197175
0.7169627368670664
0.7175537775921171
0.7105073079046446
0.7163217548121376
0.7139800626914702
0.7127208742630868
0.7128645527293729
0.7182829990351024
0.7212520955523247
0.7178655066211203
0.7187812774778782
0.7186105901402945
0.7189873242568887
0.7148483501032287
0.714201670203599
0.7058368987154708
0.7211462584638639
0.7204629872255642
0.7229046808989945
0.708217568977968
0.7102076328551891
0.7100278173379893
0.7206101973711337
0.7186940870557845
0.7230995492177033
0.7121724493068117
0.7135901261086307
0.7153839758833117
Fator de regularizacao: 0.30000000000000004
0.25867269984917046
0.25867269984917046
0.25867269984917046
0.25867269984917046
0.2696671718724831
0.5376181475127997
0.3943257092863392
0.3943257092863392
0.3943257092863392
0.3943257092863392
0.3943257092863392
0.3943257092863392
0.3943257092863392
0.3943257092863392
0.3943257092863392
0.3943257092863392
0.3943257092863392
0.3943257092863392
0.3943257092863392
0.3943257092863392
0.3943257092863392
0.3943257092863392
0.3943257092863392
0.3943257092863392
0.3943257092863392
0.3943257092863392
0.3943257092863392
0.3943257092863392
0.3943257092863392
0.3943257092863392
0.3943257092863392
0.3943257092863392
0.3943257092863392
0.3943257092863392
0.3943257092863392
0.3943257092863392
0.3943257092863392
0.3943257092863392
0.3943257092863392
0.3943257092863392
0.3943257092863392
0.39834687330750324
0.41318326472631783
0.40550895994322544
0.4163199792554666
0.4512217255777092
0.4573668282654862
0.4921143028765408
0.4981897222760853
0.5352233707913654
0.5514173037080248
0.5567545371262675
0.572610782112148
0.5823905870131074
0.6269079883411899
0.6236939015309242
0.6394511075045282
0.6579051459192033
0.6428167535858398
0.6618729478400129
0.6610815092445769
0.6761648560913118
0.6772962198202295
0.6776900592446246
0.6851809436963705
0.6853457497362951
0.6872750697087137
0.6984127676646176
0.700025668189408
0.6999248072400502
0.7113856946899285
0.7011449458685266
0.7186269819385902
0.7074657826651221
0.7053292705489121
0.7136285356248847
0.7088766953144933
0.7120975099503435
0.712845097219338
0.7087777115690633
0.7149763796202567
0.7120323642542308
0.7165847854115814
0.7108135978248497
0.7175139299431994
0.7131174794308061
0.719350586432168
0.7205809765518054
0.722409133556849
0.7134456819454844
0.7209797563855166
0.7182203580605153
0.7211763985627153
0.7193807563189912
0.7237028703286376
0.7199412549074742
0.715359470470222
0.7202012728235958
0.7152051826036956
0.7147705122891936
0.7143295096650715
0.7189567960351597
0.7175689862610037
0.7177640301973542
0.7178041934760275
0.7174007919451002
0.7158836969466583
0.7169483981098328
0.7193610737287897
0.7123131560602088
0.7205491712741323
0.717999056067486
0.7174353665563487
0.719851926047075
0.7152423727511746
0.7206869537625474
0.7197813465950252
0.7142592152244946
0.7146186767755903
0.7204188476930986
0.7144964817385988
0.7148244982887698
0.7182379065291898
0.7223237912544014
0.7184743184382205
0.7203763023235279
0.7181027451534178
0.712704857712503
0.7163209717949849
0.7219733896100627
0.7165817592876961
0.7167839300650073
0.7185111205483102
0.7187317722833404
0.7200683149053274
0.7146530646831779
0.7217270236502984
0.7201210282745325
0.7143895197598852
0.7163951471361673
0.7197002294023902
0.7137385774391479
0.7159282116826718
0.7179265995022017
0.7219525863062878
0.7196557927069324
0.7166433525106741
0.7139276607527225
0.7152621480256337
0.7195257031226407
0.7188825309180139
0.7191911347321313
0.720053441829495
0.7167516769439973
0.7175734887115468
0.7174070046182248
0.7120260997283644
0.7219626482007205
0.7148512650382635
0.7188020112763085
0.7211060250614676
0.7185856622978488
0.7152677029186529
0.7191137743786254
0.7176601761608865
0.7149427520443472
0.7155118402054955
0.7171997475175184
0.720967900781613
0.7206916635451981
0.7207614192847364
0.7173595899948735
0.7134489952735361
0.7203385868306771
0.7187301045743114
0.7209785244290023
0.7210791473431437
0.7131309931027368
0.7167051314533481
0.7143784253955054
0.7221399587172159
0.7171316507165141
0.7181296746110635
0.7172557303482224
0.7185536999732391
0.7180413732350777
0.7194239508463669
0.7214886623779218
0.7181234862491508
0.7182434036436962
0.7189058968441255
0.719878143465963
0.7186796514797594
0.7203699536023038
0.7152955386245424
0.7193861261351702
0.7159845810678747
0.7217583540004304
0.7176306144223298
0.7205344972360008
0.7195782633962279
0.7205678862307053
0.7226948342932447
0.7178208652286181
0.7203810139327721
0.7154580874384094
0.7166084965922528
0.7182610117085678
0.7178650529937378
0.7166248313065205
0.7191878168580027
0.711925283672508
0.7154404278507487
0.7197894500215977
0.7156168772825888
0.7153288762953387
0.7201584280211679
0.7188115424365847
0.7207872287277992
0.7195617641744079
0.7141631817188828
0.7209981520774542
0.7212604804806373
0.7162167266704735
0.7183116072728566
0.7195347502873831
0.7255796447427061
0.7208234415708459
0.7220439455724056
0.7175338387024908
0.7224225222850574
0.7146486947197082
0.7205731337325072
0.7159226074073655
0.7217582443827057
0.719118863836304
0.7146871370490893
0.7185540677731254
0.718738944229899
0.7112307243478602
0.7207266656939988
0.7164192762971096
0.72070481423289
0.7172299364066361
0.7192254546447866
0.7154276748109483
0.718389937961079
0.7187106066111634
0.7183432186893001
0.7173379473211605
0.7147417086567903
0.7271185951550142
0.722864916995639
0.7208558665228183
0.7237911278530762
0.7217080479777709
0.7199563170685583
0.7187373908933954
0.7203338790459253
0.7213885433115961
0.720558013751608
0.719153677564475
0.7183302861237295
0.7173710371293118
0.7223271196390151
0.7199872003424587
0.7212086982603049
0.7159001216179135
0.7210847475398495
0.7163603011281736
0.7174143654509262
0.7200149073362423
0.7169659331543181
0.7188239445488607
0.7207040467696714
0.7033883978297727
0.7147005322378904
0.7174807095092925
0.71923192691675
0.7181376573476496
0.7169156628843713
0.7148011016310878
0.7215822289262346
0.7187069063462805
0.7225634179566643
0.7192354533744438
0.7134851302074281
0.719306123706126
0.7177597221485739
0.7229531031389307
0.7183714249169808
0.71747593066569
0.7206971623316114
0.7221102676762489
0.7211036324016197
0.7159276742808418
0.7180466340638472
0.7169743791890939
0.7224571706288488
0.722962975308892
0.7149532183705429
0.7188763362027426
0.7129117022053884
0.721271003882263
0.7179552468518208
0.7162448354576553
0.7200235999051314
0.7183440938308515
0.7229788225953891
0.714076431261533
0.7123328497545416
0.7192601756943532
0.7217757564810904
0.7190052793030401
0.7173778280117242
0.7240840214576265
0.7149159536323566
0.7177638000095193
0.7200331248364035
0.7215371709595884
0.7161414257905768
0.7171893141416505
0.7174123619342913
0.7197724332490152
0.7094160699658664
0.7158673850211812
0.7190796000478409
0.7218549875404973
0.7180177655522482
0.7175008460207076
0.7218889156471331
0.7191568712826997
0.7197360921347125
0.7200790596376375
0.715681134688191
0.7164210855409782
0.7145985034666591
0.7160822018822829
0.7218045946780581
0.7232976431655485
0.7215262990472442
0.7173950801964136
0.7121541496093371
0.7178818450926856
0.7206729196412149
0.7132421705259204
0.7207162469969184
0.7172785866797389
0.7176762427432305
0.7166976993476577
0.7162714290183432
0.7194507240788737
0.7123658209636756
0.7168944154514573
0.7183478115153484
0.7174960809956958
0.7200424737188014
0.7181121299057481
0.7200262993280646
0.7193921415814124
0.7184611348999018
0.7182252266098054
0.7187190789987027
0.7199620708013181
0.7179598051301435
0.7196323229515661
0.7161062206939377
0.7183534947118758
0.7184962777306307
0.7192173305577955
0.7200624966733894
0.7191779076084963
0.7179041704318261
0.7173779168860772
0.7156554758645145
0.718884179754048
0.7187719258764467
0.7199937499032261
0.7149857871677312
0.7224841062129063
0.721021417650697
0.7176209676981014
0.7206669228276894
0.7218744394363728
0.7184832852940118
0.7155241592218698
0.7197513318997613
0.7164793680099676
0.7195158519413833
0.724252400022668
0.7147513962046893
0.7177993523920447
0.7181800894430022
0.7177610360975749
0.721286971995269
0.7183410915201993
0.7189138950962471
0.7160705429064042
0.7204237956720462
0.7214296454115836
0.7182896200858001
0.7149331518676327
0.7194640724391123
0.7202995191964252
0.7166120191916316
0.7169559065712436
0.7171724105832664
0.7159728135182444
0.7195240807852349
0.7223686232638256
0.717597046696682
0.7170917498749227
0.7195946244598888
0.7159858205195448
0.71723336728722
0.722164404246634
0.7212628914717965
0.7216833176521851
0.7138126073899662
0.7162828241875168
0.718612013046354
0.7218183437035418
0.7196140746976899
0.7191132477606601
0.7243003529194392
0.7177973892082162
0.7087997646035864
0.718056885158608
0.7157199138549191
0.7206887101042238
0.7196065238043653
0.7189791152458309
0.7204341258472237
0.719296063886049
0.7178473971368798
0.7180692122997888
0.7181525340128467
0.7199308280901311
0.7136691312054226
0.7201917870061456
0.7168455626257806
0.7185752658989388
0.7181515757806444
0.7170381093078563
0.7183492621593688
0.7170027750723335
0.7162023958045084
0.7237443852393137
0.7202004726966511
0.7131724841943148
0.7160491373305196
0.7194000973460393
0.7154649871353399
0.7221779039613142
0.7135042532242079
0.7163721289697508
0.7159948523747646
0.7161648557124887
0.7204168837903785
0.7172764326217317
0.7154706103154591
0.7172895139943715
0.7202508120898867
0.7191060998082481
0.7208754611443148
0.7175923154473511
0.7196201227988142
0.7096633775034021
0.7222003086414434
0.7231297564828727
0.7195480545692006
0.7147712639627094
0.7127930964107879
0.7176411499562171
0.7198979824974372
0.7144312164411917
0.7145681796770703
0.7141401061541837
0.7189834041655593
0.7225915989789032
0.7197062580203969
0.7164935808965748
0.720485346295171
0.7175658112008416
0.7208619361934888
0.7202098197304994
0.7182035222547307
0.7185309383700285
0.7195867070450751
0.7184965432204602
0.716863695803126
0.7177133986325112
0.7193362883884727
0.7159848115406661
0.7177301911778455
0.7256966293309223
0.7228907440579162
0.7166324928480979
0.7178639575531655
0.7160584245793687
Fator de regularizacao: 0.4
0.25867269984917046
0.25867269984917046
0.25867269984917046
0.25867269984917046
0.5816487780493493
0.3943257092863392
0.3943257092863392
0.3943257092863392
0.3943257092863392
0.3943257092863392
0.3943257092863392
0.3943257092863392
0.3943257092863392
0.3943257092863392
0.3943257092863392
0.3943257092863392
0.3943257092863392
0.3943257092863392
0.3943257092863392
0.3943257092863392
0.3943257092863392
0.3943257092863392
0.3943257092863392
0.3943257092863392
0.3943257092863392
0.3943257092863392
0.3943257092863392
0.3943257092863392
0.3943257092863392
0.3943257092863392
0.3943257092863392
0.3943257092863392
0.3943257092863392
0.3943257092863392
0.3943257092863392
0.3943257092863392
0.3943257092863392
0.3943257092863392
0.3943257092863392
0.3943257092863392
0.3943257092863392
0.3943257092863392
0.3943257092863392
0.3943257092863392
0.3943257092863392
0.3943257092863392
0.3943257092863392
0.3943257092863392
0.3943257092863392
0.3943257092863392
0.3943257092863392
0.3943257092863392
0.3943257092863392
0.3943257092863392
0.3943257092863392
0.3943257092863392
0.3943257092863392
0.3943257092863392
0.3943257092863392
0.3943257092863392
0.3943257092863392
0.3943257092863392
0.3943257092863392
0.3943257092863392
0.3943257092863392
0.3943257092863392
0.3943257092863392
0.3943257092863392
0.3943257092863392
0.3943257092863392
0.3943257092863392
0.3943257092863392
0.3943257092863392
0.3943257092863392
0.3943257092863392
0.3943257092863392
0.3943257092863392
0.3943257092863392
0.3943257092863392
0.3943257092863392
0.3943257092863392
0.3943257092863392
0.3943257092863392
0.3943257092863392
0.3943257092863392
0.3943257092863392
0.3943257092863392
0.3943257092863392
0.3943257092863392
0.3943257092863392
0.3943257092863392
0.3943257092863392
0.3943257092863392
0.3943257092863392
0.3943257092863392
0.3943257092863392
0.3943257092863392
0.3943257092863392
0.3943257092863392
0.3943257092863392
0.3943257092863392
0.3943257092863392
0.3943257092863392
0.3943257092863392
0.3943257092863392
0.3943257092863392
0.3943257092863392
0.3943257092863392
0.3943257092863392
0.3943257092863392
0.3943257092863392
0.3943257092863392
0.3943257092863392
0.3943257092863392
0.3943257092863392
0.3943257092863392
0.3943257092863392
0.3943257092863392
0.3943257092863392
0.3943257092863392
0.3943257092863392
0.3943257092863392
0.3943257092863392
0.3943257092863392
0.3943257092863392
0.3943257092863392
0.3943257092863392
0.3943257092863392
0.3943257092863392
0.3943257092863392
0.3943257092863392
0.3943257092863392
0.3943257092863392
0.3943257092863392
0.3943257092863392
0.3943257092863392
0.3943257092863392
0.3943257092863392
0.3943257092863392
0.3943257092863392
0.3943257092863392
0.3943257092863392
0.3943257092863392
0.3943257092863392
0.3943257092863392
0.3943257092863392
0.3943257092863392
0.3943257092863392
0.3943257092863392
0.3943257092863392
0.3943257092863392
0.3943257092863392
0.3943257092863392
0.3943257092863392
0.3943257092863392
0.3943257092863392
0.3943257092863392
0.3943257092863392
0.3943257092863392
0.3943257092863392
0.3943257092863392
0.3943257092863392
0.3943257092863392
0.3943257092863392
0.3943257092863392
0.3943257092863392
0.3943257092863392
0.3943257092863392
0.3943257092863392
0.3943257092863392
0.3943257092863392
0.3943257092863392
0.3943257092863392
0.3943257092863392
0.3943257092863392
0.3943257092863392
0.3943257092863392
0.3943257092863392
0.3943257092863392
0.3943257092863392
0.3943257092863392
0.3943257092863392
0.3943257092863392
0.3943257092863392
0.3943257092863392
0.3943257092863392
0.3943257092863392
0.3943257092863392
0.3943257092863392
0.3943257092863392
0.3943257092863392
0.3943257092863392
0.3943257092863392
0.3943257092863392
0.3943257092863392
0.3943257092863392
0.3943257092863392
0.3943257092863392
0.3943257092863392
0.3943257092863392
0.3943257092863392
0.3943257092863392
0.3943257092863392
0.3943257092863392
0.3943257092863392
0.3943257092863392
0.3943257092863392
0.3943257092863392
0.3943257092863392
0.3943257092863392
0.3943257092863392
0.3943257092863392
0.3943257092863392
0.3943257092863392
0.3943257092863392
0.3943257092863392
0.3943257092863392
0.3943257092863392
0.3943257092863392
0.3943257092863392
0.3943257092863392
0.3943257092863392
0.3943257092863392
0.3943257092863392
0.3943257092863392
0.3943257092863392
0.3943257092863392
0.3943257092863392
0.3943257092863392
0.3943257092863392
0.3943257092863392
0.3943257092863392
0.3943257092863392
0.3943257092863392
0.3943257092863392
0.3943257092863392
0.3943257092863392
0.3943257092863392
0.3943257092863392
0.3943257092863392
0.3943257092863392
0.3943257092863392
0.3943257092863392
0.3943257092863392
0.3943257092863392
0.3943257092863392
0.3943257092863392
0.3943257092863392
0.3943257092863392
0.3943257092863392
0.3943257092863392
0.3943257092863392
0.3943257092863392
0.3943257092863392
0.3943257092863392
0.3943257092863392
0.3943257092863392
0.3943257092863392
0.3943257092863392
0.3943257092863392
0.3943257092863392
0.3943257092863392
0.3943257092863392
0.3943257092863392
0.3943257092863392
0.3943257092863392
0.3943257092863392
0.3943257092863392
0.3943257092863392
0.3943257092863392
0.3943257092863392
0.3943257092863392
0.3943257092863392
0.3943257092863392
0.3943257092863392
0.3943257092863392
0.3943257092863392
0.3943257092863392
0.3943257092863392
0.3943257092863392
0.3943257092863392
0.3943257092863392
0.3943257092863392
0.3943257092863392
0.3943257092863392
0.3943257092863392
0.3943257092863392
0.3943257092863392
0.3943257092863392
0.3943257092863392
0.3943257092863392
0.3943257092863392
0.3943257092863392
0.3943257092863392
0.3943257092863392
0.3943257092863392
0.3943257092863392
0.3943257092863392
0.3943257092863392
0.3943257092863392
0.3943257092863392
0.3943257092863392
0.3943257092863392
0.3943257092863392
0.3943257092863392
0.3943257092863392
0.3943257092863392
0.3943257092863392
0.3943257092863392
0.3943257092863392
0.3943257092863392
0.3943257092863392
0.3943257092863392
0.3943257092863392
0.3943257092863392
0.3943257092863392
0.3943257092863392
0.3943257092863392
0.3943257092863392
0.3943257092863392
0.3943257092863392
0.3943257092863392
0.3943257092863392
0.3943257092863392
0.3943257092863392
0.3943257092863392
0.3943257092863392
0.3943257092863392
0.3943257092863392
0.3943257092863392
0.3943257092863392
0.3943257092863392
0.3943257092863392
0.3943257092863392
0.3943257092863392
0.3943257092863392
0.3943257092863392
0.3943257092863392
0.3943257092863392
0.3943257092863392
0.3943257092863392
0.3943257092863392
0.3943257092863392
0.3943257092863392
0.3943257092863392
0.3943257092863392
0.3943257092863392
0.3943257092863392
0.3943257092863392
0.3943257092863392
0.3943257092863392
0.3943257092863392
0.3943257092863392
0.3943257092863392
0.3943257092863392
0.3943257092863392
0.3943257092863392
0.3943257092863392
0.3943257092863392
0.3943257092863392
0.3943257092863392
0.3943257092863392
0.3943257092863392
0.3943257092863392
0.3943257092863392
0.3943257092863392
0.3943257092863392
0.3943257092863392
0.3943257092863392
0.3943257092863392
0.3943257092863392
0.3943257092863392
0.3943257092863392
0.3943257092863392
0.3943257092863392
0.3943257092863392
0.3943257092863392
0.3943257092863392
0.3943257092863392
0.3943257092863392
0.3943257092863392
0.3943257092863392
0.3943257092863392
0.3943257092863392
0.3943257092863392
0.3943257092863392
0.3943257092863392
0.3943257092863392
0.3943257092863392
0.3943257092863392
0.3943257092863392
0.3943257092863392
0.3943257092863392
0.3943257092863392
0.3943257092863392
0.3943257092863392
0.3943257092863392
0.3943257092863392
0.3943257092863392
0.3943257092863392
0.3943257092863392
0.3943257092863392
0.3943257092863392
0.3943257092863392
0.3943257092863392
0.3943257092863392
0.3943257092863392
0.3943257092863392
0.3943257092863392
0.3943257092863392
0.3943257092863392
0.3943257092863392
0.3943257092863392
0.3943257092863392
0.3943257092863392
0.3943257092863392
0.3943257092863392
0.3943257092863392
0.3943257092863392
0.3943257092863392
0.3943257092863392
0.3943257092863392
0.3943257092863392
0.3943257092863392
0.3943257092863392
0.3943257092863392
0.3943257092863392
0.3943257092863392
0.3943257092863392
0.3943257092863392
0.3943257092863392
0.3943257092863392
0.3943257092863392
0.3943257092863392
0.3943257092863392
0.3943257092863392
0.3943257092863392
0.3943257092863392
0.3943257092863392
0.3943257092863392
0.3943257092863392
0.3943257092863392
0.3943257092863392
0.3943257092863392
0.3943257092863392
0.3943257092863392
0.3943257092863392
0.3943257092863392
0.3943257092863392
0.3943257092863392
0.3943257092863392
0.3943257092863392
0.3943257092863392
0.3943257092863392
0.3943257092863392
0.3943257092863392
0.3943257092863392
0.3943257092863392
0.3943257092863392
0.3943257092863392
0.3943257092863392
0.3943257092863392
0.3943257092863392
0.3943257092863392
0.3943257092863392
0.3943257092863392
0.3943257092863392
0.3943257092863392
0.3943257092863392
0.3943257092863392
0.3943257092863392
0.3943257092863392
0.3943257092863392
0.3943257092863392
0.3943257092863392
0.3943257092863392
0.3943257092863392
0.3943257092863392
0.3943257092863392
0.3943257092863392
0.3943257092863392
0.3943257092863392
0.3943257092863392
0.3943257092863392
0.3943257092863392
0.3943257092863392
0.3943257092863392
0.3943257092863392
0.3943257092863392
0.3943257092863392
0.3943257092863392
0.3943257092863392
0.3943257092863392
0.3943257092863392
0.3943257092863392
0.3943257092863392
0.3943257092863392
0.3943257092863392
0.3943257092863392
0.3943257092863392
Fator de regularizacao: 0.5
0.25867269984917046
0.25867269984917046
0.25867269984917046
0.25867269984917046
0.486041916386764
0.3943257092863392
0.3943257092863392
0.3943257092863392
0.3943257092863392
0.3943257092863392
0.3943257092863392
0.3943257092863392
0.3943257092863392
0.3943257092863392
0.3943257092863392
0.3943257092863392
0.3943257092863392
0.3943257092863392
0.3943257092863392
0.3943257092863392
0.3943257092863392
0.3943257092863392
0.3943257092863392
0.3943257092863392
0.3943257092863392
0.3943257092863392
0.3943257092863392
0.3943257092863392
0.3943257092863392
0.3943257092863392
0.3943257092863392
0.3943257092863392
0.3943257092863392
0.3943257092863392
0.3943257092863392
0.3943257092863392
0.3943257092863392
0.3943257092863392
0.3943257092863392
0.3943257092863392
0.3943257092863392
0.3943257092863392
0.3943257092863392
0.3943257092863392
0.3943257092863392
0.3943257092863392
0.3943257092863392
0.3943257092863392
0.3943257092863392
0.3943257092863392
0.3943257092863392
0.3943257092863392
0.3943257092863392
0.3943257092863392
0.3943257092863392
0.3943257092863392
0.3943257092863392
0.3943257092863392
0.3943257092863392
0.3943257092863392
0.3943257092863392
0.3943257092863392
0.3943257092863392
0.3943257092863392
0.3943257092863392
0.3943257092863392
0.3943257092863392
0.3943257092863392
0.3943257092863392
0.3943257092863392
0.3943257092863392
0.3943257092863392
0.3943257092863392
0.3943257092863392
0.3943257092863392
0.3943257092863392
0.3943257092863392
0.3943257092863392
0.3943257092863392
0.3943257092863392
0.3943257092863392
0.3943257092863392
0.3943257092863392
0.3943257092863392
0.3943257092863392
0.3943257092863392
0.3943257092863392
0.3943257092863392
0.3943257092863392
0.3943257092863392
0.3943257092863392
0.3943257092863392
0.3943257092863392
0.3943257092863392
0.3943257092863392
0.3943257092863392
0.3943257092863392
0.3943257092863392
0.3943257092863392
0.3943257092863392
0.3943257092863392
0.3943257092863392
0.3943257092863392
0.3943257092863392
0.3943257092863392
0.3943257092863392
0.3943257092863392
0.3943257092863392
0.3943257092863392
0.3943257092863392
0.3943257092863392
0.3943257092863392
0.3943257092863392
0.3943257092863392
0.3943257092863392
0.3943257092863392
0.3943257092863392
0.3943257092863392
0.3943257092863392
0.3943257092863392
0.3943257092863392
0.3943257092863392
0.3943257092863392
0.3943257092863392
0.3943257092863392
0.3943257092863392
0.3943257092863392
0.3943257092863392
0.3943257092863392
0.3943257092863392
0.3943257092863392
0.3943257092863392
0.3943257092863392
0.3943257092863392
0.3943257092863392
0.3943257092863392
0.3943257092863392
0.3943257092863392
0.3943257092863392
0.3943257092863392
0.3943257092863392
0.3943257092863392
0.3943257092863392
0.3943257092863392
0.3943257092863392
0.3943257092863392
0.3943257092863392
0.3943257092863392
0.3943257092863392
0.3943257092863392
0.3943257092863392
0.3943257092863392
0.3943257092863392
0.3943257092863392
0.3943257092863392
0.3943257092863392
0.3943257092863392
0.3943257092863392
0.3943257092863392
0.3943257092863392
0.3943257092863392
0.3943257092863392
0.3943257092863392
0.3943257092863392
0.3943257092863392
0.3943257092863392
0.3943257092863392
0.3943257092863392
0.3943257092863392
0.3943257092863392
0.3943257092863392
0.3943257092863392
0.3943257092863392
0.3943257092863392
0.3943257092863392
0.3943257092863392
0.3943257092863392
0.3943257092863392
0.3943257092863392
0.3943257092863392
0.3943257092863392
0.3943257092863392
0.3943257092863392
0.3943257092863392
0.3943257092863392
0.3943257092863392
0.3943257092863392
0.3943257092863392
0.3943257092863392
0.3943257092863392
0.3943257092863392
0.3943257092863392
0.3943257092863392
0.3943257092863392
0.3943257092863392
0.3943257092863392
0.3943257092863392
0.3943257092863392
0.3943257092863392
0.3943257092863392
0.3943257092863392
0.3943257092863392
0.3943257092863392
0.3943257092863392
0.3943257092863392
0.3943257092863392
0.3943257092863392
0.3943257092863392
0.3943257092863392
0.3943257092863392
0.3943257092863392
0.3943257092863392
0.3943257092863392
0.3943257092863392
0.3943257092863392
0.3943257092863392
0.3943257092863392
0.3943257092863392
0.3943257092863392
0.3943257092863392
0.3943257092863392
0.3943257092863392
0.3943257092863392
0.3943257092863392
0.3943257092863392
0.3943257092863392
0.3943257092863392
0.3943257092863392
0.3943257092863392
0.3943257092863392
0.3943257092863392
0.3943257092863392
0.3943257092863392
0.3943257092863392
0.3943257092863392
0.3943257092863392
0.3943257092863392
0.3943257092863392
0.3943257092863392
0.3943257092863392
0.3943257092863392
0.3943257092863392
0.3943257092863392
0.3943257092863392
0.3943257092863392
0.3943257092863392
0.3943257092863392
0.3943257092863392
0.3943257092863392
0.3943257092863392
0.3943257092863392
0.3943257092863392
0.3943257092863392
0.3943257092863392
0.3943257092863392
0.3943257092863392
0.3943257092863392
0.3943257092863392
0.3943257092863392
0.3943257092863392
0.3943257092863392
0.3943257092863392
0.3943257092863392
0.3943257092863392
0.3943257092863392
0.3943257092863392
0.3943257092863392
0.3943257092863392
0.3943257092863392
0.3943257092863392
0.3943257092863392
0.3943257092863392
0.3943257092863392
0.3943257092863392
0.3943257092863392
0.3943257092863392
0.3943257092863392
0.3943257092863392
0.3943257092863392
0.3943257092863392
0.3943257092863392
0.3943257092863392
0.3943257092863392
0.3943257092863392
0.3943257092863392
0.3943257092863392
0.3943257092863392
0.3943257092863392
0.3943257092863392
0.3943257092863392
0.3943257092863392
0.3943257092863392
0.3943257092863392
0.3943257092863392
0.3943257092863392
0.3943257092863392
0.3943257092863392
0.3943257092863392
0.3943257092863392
0.3943257092863392
0.3943257092863392
0.3943257092863392
0.3943257092863392
0.3943257092863392
0.3943257092863392
0.3943257092863392
0.3943257092863392
0.3943257092863392
0.3943257092863392
0.3943257092863392
0.3943257092863392
0.3943257092863392
0.3943257092863392
0.3943257092863392
0.3943257092863392
0.3943257092863392
0.3943257092863392
0.3943257092863392
0.3943257092863392
0.3943257092863392
0.3943257092863392
0.3943257092863392
0.3943257092863392
0.3943257092863392
0.3943257092863392
0.3943257092863392
0.3943257092863392
0.3943257092863392
0.3943257092863392
0.3943257092863392
0.3943257092863392
0.3943257092863392
0.3943257092863392
0.3943257092863392
0.3943257092863392
0.3943257092863392
0.3943257092863392
0.3943257092863392
0.3943257092863392
0.3943257092863392
0.3943257092863392
0.3943257092863392
0.3943257092863392
0.3943257092863392
0.3943257092863392
0.3943257092863392
0.3943257092863392
0.3943257092863392
0.3943257092863392
0.3943257092863392
0.3943257092863392
0.3943257092863392
0.3943257092863392
0.3943257092863392
0.3943257092863392
0.3943257092863392
0.3943257092863392
0.3943257092863392
0.3943257092863392
0.3943257092863392
0.3943257092863392
0.3943257092863392
0.3943257092863392
0.3943257092863392
0.3943257092863392
0.3943257092863392
0.3943257092863392
0.3943257092863392
0.3943257092863392
0.3943257092863392
0.3943257092863392
0.3943257092863392
0.3943257092863392
0.3943257092863392
0.3943257092863392
0.3943257092863392
0.3943257092863392
0.3943257092863392
0.3943257092863392
0.3943257092863392
0.3943257092863392
0.3943257092863392
0.3943257092863392
0.3943257092863392
0.3943257092863392
0.3943257092863392
0.3943257092863392
0.3943257092863392
0.3943257092863392
0.3943257092863392
0.3943257092863392
0.3943257092863392
0.3943257092863392
0.3943257092863392
0.3943257092863392
0.3943257092863392
0.3943257092863392
0.3943257092863392
0.3943257092863392
0.3943257092863392
0.3943257092863392
0.3943257092863392
0.3943257092863392
0.3943257092863392
0.3943257092863392
0.3943257092863392
0.3943257092863392
0.3943257092863392
0.3943257092863392
0.3943257092863392
0.3943257092863392
0.3943257092863392
0.3943257092863392
0.3943257092863392
0.3943257092863392
0.3943257092863392
0.3943257092863392
0.3943257092863392
0.3943257092863392
0.3943257092863392
0.3943257092863392
0.3943257092863392
0.3943257092863392
0.3943257092863392
0.3943257092863392
0.3943257092863392
0.3943257092863392
0.3943257092863392
0.3943257092863392
0.3943257092863392
0.3943257092863392
0.3943257092863392
0.3943257092863392
0.3943257092863392
0.3943257092863392
0.3943257092863392
0.3943257092863392
0.3943257092863392
0.3943257092863392
0.3943257092863392
0.3943257092863392
0.3943257092863392
0.3943257092863392
0.3943257092863392
0.3943257092863392
0.3943257092863392
0.3943257092863392
0.3943257092863392
0.3943257092863392
0.3943257092863392
0.3943257092863392
0.3943257092863392
0.3943257092863392
0.3943257092863392
0.3943257092863392
0.3943257092863392
0.3943257092863392
0.3943257092863392
0.3943257092863392
0.3943257092863392
0.3943257092863392
0.3943257092863392
0.3943257092863392
0.3943257092863392
0.3943257092863392
0.3943257092863392
0.3943257092863392
0.3943257092863392
0.3943257092863392
0.3943257092863392
0.3943257092863392
0.3943257092863392
0.3943257092863392
0.3943257092863392
0.3943257092863392
0.3943257092863392
0.3943257092863392
0.3943257092863392
0.3943257092863392
0.3943257092863392
0.3943257092863392
0.3943257092863392
0.3943257092863392
0.3943257092863392
0.3943257092863392
0.3943257092863392
0.3943257092863392
0.3943257092863392
0.3943257092863392
0.3943257092863392
0.3943257092863392
0.3943257092863392
0.3943257092863392
0.3943257092863392
0.3943257092863392
0.3943257092863392
0.3943257092863392
0.3943257092863392
0.3943257092863392
0.3943257092863392
Fator de regularizacao: 0.6
0.25867269984917046
0.25867269984917046
0.25867269984917046
0.25867269984917046
0.3943257092863392
0.3943257092863392
0.3943257092863392
0.3943257092863392
0.3943257092863392
0.3943257092863392
0.3943257092863392
0.3943257092863392
0.3943257092863392
0.3943257092863392
0.3943257092863392
0.3943257092863392
0.3943257092863392
0.3943257092863392
0.3943257092863392
0.3943257092863392
0.3943257092863392
0.3943257092863392
0.3943257092863392
0.3943257092863392
0.3943257092863392
0.3943257092863392
0.3943257092863392
0.3943257092863392
0.3943257092863392
0.3943257092863392
0.3943257092863392
0.3943257092863392
0.3943257092863392
0.3943257092863392
0.3943257092863392
0.3943257092863392
0.3943257092863392
0.3943257092863392
0.3943257092863392
0.3943257092863392
0.3943257092863392
0.3943257092863392
0.3943257092863392
0.3943257092863392
0.3943257092863392
0.3943257092863392
0.3943257092863392
0.3943257092863392
0.3943257092863392
0.3943257092863392
0.3943257092863392
0.3943257092863392
0.3943257092863392
0.3943257092863392
0.3943257092863392
0.3943257092863392
0.3943257092863392
0.3943257092863392
0.3943257092863392
0.3943257092863392
0.3943257092863392
0.3943257092863392
0.3943257092863392
0.3943257092863392
0.3943257092863392
0.3943257092863392
0.3943257092863392
0.3943257092863392
0.3943257092863392
0.3943257092863392
0.3943257092863392
0.3943257092863392
0.3943257092863392
0.3943257092863392
0.3943257092863392
0.3943257092863392
0.3943257092863392
0.3943257092863392
0.3943257092863392
0.3943257092863392
0.3943257092863392
0.3943257092863392
0.3943257092863392
0.3943257092863392
0.3943257092863392
0.3943257092863392
0.3943257092863392
0.3943257092863392
0.3943257092863392
0.3943257092863392
0.3943257092863392
0.3943257092863392
0.3943257092863392
0.3943257092863392
0.3943257092863392
0.3943257092863392
0.3943257092863392
0.3943257092863392
0.3943257092863392
0.3943257092863392
0.3943257092863392
0.3943257092863392
0.3943257092863392
0.3943257092863392
0.3943257092863392
0.3943257092863392
0.3943257092863392
0.3943257092863392
0.3943257092863392
0.3943257092863392
0.3943257092863392
0.3943257092863392
0.3943257092863392
0.3943257092863392
0.3943257092863392
0.3943257092863392
0.3943257092863392
0.3943257092863392
0.3943257092863392
0.3943257092863392
0.3943257092863392
0.3943257092863392
0.3943257092863392
0.3943257092863392
0.3943257092863392
0.3943257092863392
0.3943257092863392
0.3943257092863392
0.3943257092863392
0.3943257092863392
0.3943257092863392
0.3943257092863392
0.3943257092863392
0.3943257092863392
0.3943257092863392
0.3943257092863392
0.3943257092863392
0.3943257092863392
0.3943257092863392
0.3943257092863392
0.3943257092863392
0.3943257092863392
0.3943257092863392
0.3943257092863392
0.3943257092863392
0.3943257092863392
0.3943257092863392
0.3943257092863392
0.3943257092863392
0.3943257092863392
0.3943257092863392
0.3943257092863392
0.3943257092863392
0.3943257092863392
0.3943257092863392
0.3943257092863392
0.3943257092863392
0.3943257092863392
0.3943257092863392
0.3943257092863392
0.3943257092863392
0.3943257092863392
0.3943257092863392
0.3943257092863392
0.3943257092863392
0.3943257092863392
0.3943257092863392
0.3943257092863392
0.3943257092863392
0.3943257092863392
0.3943257092863392
0.3943257092863392
0.3943257092863392
0.3943257092863392
0.3943257092863392
0.3943257092863392
0.3943257092863392
0.3943257092863392
0.3943257092863392
0.3943257092863392
0.3943257092863392
0.3943257092863392
0.3943257092863392
0.3943257092863392
0.3943257092863392
0.3943257092863392
0.3943257092863392
0.3943257092863392
0.3943257092863392
0.3943257092863392
0.3943257092863392
0.3943257092863392
0.3943257092863392
0.3943257092863392
0.3943257092863392
0.3943257092863392
0.3943257092863392
0.3943257092863392
0.3943257092863392
0.3943257092863392
0.3943257092863392
0.3943257092863392
0.3943257092863392
0.3943257092863392
0.3943257092863392
0.3943257092863392
0.3943257092863392
0.3943257092863392
0.3943257092863392
0.3943257092863392
0.3943257092863392
0.3943257092863392
0.3943257092863392
0.3943257092863392
0.3943257092863392
0.3943257092863392
0.3943257092863392
0.3943257092863392
0.3943257092863392
0.3943257092863392
0.3943257092863392
0.3943257092863392
0.3943257092863392
0.3943257092863392
0.3943257092863392
0.3943257092863392
0.3943257092863392
0.3943257092863392
0.3943257092863392
0.3943257092863392
0.3943257092863392
0.3943257092863392
0.3943257092863392
0.3943257092863392
0.3943257092863392
0.3943257092863392
0.3943257092863392
0.3943257092863392
0.3943257092863392
0.3943257092863392
0.3943257092863392
0.3943257092863392
0.3943257092863392
0.3943257092863392
0.3943257092863392
0.3943257092863392
0.3943257092863392
0.3943257092863392
0.3943257092863392
0.3943257092863392
0.3943257092863392
0.3943257092863392
0.3943257092863392
0.3943257092863392
0.3943257092863392
0.3943257092863392
0.3943257092863392
0.3943257092863392
0.3943257092863392
0.3943257092863392
0.3943257092863392
0.3943257092863392
0.3943257092863392
0.3943257092863392
0.3943257092863392
0.3943257092863392
0.3943257092863392
0.3943257092863392
0.3943257092863392
0.3943257092863392
0.3943257092863392
0.3943257092863392
0.3943257092863392
0.3943257092863392
0.3943257092863392
0.3943257092863392
0.3943257092863392
0.3943257092863392
0.3943257092863392
0.3943257092863392
0.3943257092863392
0.3943257092863392
0.3943257092863392
0.3943257092863392
0.3943257092863392
0.3943257092863392
0.3943257092863392
0.3943257092863392
0.3943257092863392
0.3943257092863392
0.3943257092863392
0.3943257092863392
0.3943257092863392
0.3943257092863392
0.3943257092863392
0.3943257092863392
0.3943257092863392
0.3943257092863392
0.3943257092863392
0.3943257092863392
0.3943257092863392
0.3943257092863392
0.3943257092863392
0.3943257092863392
0.3943257092863392
0.3943257092863392
0.3943257092863392
0.3943257092863392
0.3943257092863392
0.3943257092863392
0.3943257092863392
0.3943257092863392
0.3943257092863392
0.3943257092863392
0.3943257092863392
0.3943257092863392
0.3943257092863392
0.3943257092863392
0.3943257092863392
0.3943257092863392
0.3943257092863392
0.3943257092863392
0.3943257092863392
0.3943257092863392
0.3943257092863392
0.3943257092863392
0.3943257092863392
0.3943257092863392
0.3943257092863392
0.3943257092863392
0.3943257092863392
0.3943257092863392
0.3943257092863392
0.3943257092863392
0.3943257092863392
0.3943257092863392
0.3943257092863392
0.3943257092863392
0.3943257092863392
0.3943257092863392
0.3943257092863392
0.3943257092863392
0.3943257092863392
0.3943257092863392
0.3943257092863392
0.3943257092863392
0.3943257092863392
0.3943257092863392
0.3943257092863392
0.3943257092863392
0.3943257092863392
0.3943257092863392
0.3943257092863392
0.3943257092863392
0.3943257092863392
0.3943257092863392
0.3943257092863392
0.3943257092863392
0.3943257092863392
0.3943257092863392
0.3943257092863392
0.3943257092863392
0.3943257092863392
0.3943257092863392
0.3943257092863392
0.3943257092863392
0.3943257092863392
0.3943257092863392
0.3943257092863392
0.3943257092863392
0.3943257092863392
0.3943257092863392
0.3943257092863392
0.3943257092863392
0.3943257092863392
0.3943257092863392
0.3943257092863392
0.3943257092863392
0.3943257092863392
0.3943257092863392
0.3943257092863392
0.3943257092863392
0.3943257092863392
0.3943257092863392
0.3943257092863392
0.3943257092863392
0.3943257092863392
0.3943257092863392
0.3943257092863392
0.3943257092863392
0.3943257092863392
0.3943257092863392
0.3943257092863392
0.3943257092863392
0.3943257092863392
0.3943257092863392
0.3943257092863392
0.3943257092863392
0.3943257092863392
0.3943257092863392
0.3943257092863392
0.3943257092863392
0.3943257092863392
0.3943257092863392
0.3943257092863392
0.3943257092863392
0.3943257092863392
0.3943257092863392
0.3943257092863392
0.3943257092863392
0.3943257092863392
0.3943257092863392
0.3943257092863392
0.3943257092863392
0.3943257092863392
0.3943257092863392
0.3943257092863392
0.3943257092863392
0.3943257092863392
0.3943257092863392
0.3943257092863392
0.3943257092863392
0.3943257092863392
0.3943257092863392
0.3943257092863392
0.3943257092863392
0.3943257092863392
0.3943257092863392
0.3943257092863392
0.3943257092863392
0.3943257092863392
0.3943257092863392
0.3943257092863392
0.3943257092863392
0.3943257092863392
0.3943257092863392
0.3943257092863392
0.3943257092863392
0.3943257092863392
0.3943257092863392
0.3943257092863392
0.3943257092863392
0.3943257092863392
0.3943257092863392
0.3943257092863392
0.3943257092863392
0.3943257092863392
0.3943257092863392
0.3943257092863392
0.3943257092863392
0.3943257092863392
0.3943257092863392
0.3943257092863392
0.3943257092863392
0.3943257092863392
0.3943257092863392
0.3943257092863392
0.3943257092863392
0.3943257092863392
0.3943257092863392
0.3943257092863392
0.3943257092863392
0.3943257092863392
0.3943257092863392
0.3943257092863392
0.3943257092863392
0.3943257092863392
0.3943257092863392
0.3943257092863392
0.3943257092863392
0.3943257092863392
0.3943257092863392
0.3943257092863392
0.3943257092863392
0.3943257092863392
0.3943257092863392
0.3943257092863392
0.3943257092863392
0.3943257092863392
0.3943257092863392
0.3943257092863392
0.3943257092863392
0.3943257092863392
0.3943257092863392
0.3943257092863392
0.3943257092863392
0.3943257092863392
0.3943257092863392
0.3943257092863392
0.3943257092863392
0.3943257092863392
0.3943257092863392
0.3943257092863392
0.3943257092863392
0.3943257092863392
0.3943257092863392
0.3943257092863392
0.3943257092863392
0.3943257092863392
0.3943257092863392
Fator de regularizacao: 0.7
0.25867269984917046
0.25867269984917046
0.25867269984917046
0.25867269984917046
0.3943257092863392
0.3943257092863392
0.3943257092863392
0.3943257092863392
0.3943257092863392
0.3943257092863392
0.3943257092863392
0.3943257092863392
0.3943257092863392
0.3943257092863392
0.3943257092863392
0.3943257092863392
0.3943257092863392
0.3943257092863392
0.3943257092863392
0.3943257092863392
0.3943257092863392
0.3943257092863392
0.3943257092863392
0.3943257092863392
0.3943257092863392
0.3943257092863392
0.3943257092863392
0.3943257092863392
0.3943257092863392
0.3943257092863392
0.3943257092863392
0.3943257092863392
0.3943257092863392
0.3943257092863392
0.3943257092863392
0.3943257092863392
0.3943257092863392
0.3943257092863392
0.3943257092863392
0.3943257092863392
0.3943257092863392
0.3943257092863392
0.3943257092863392
0.3943257092863392
0.3943257092863392
0.3943257092863392
0.3943257092863392
0.3943257092863392
0.3943257092863392
0.3943257092863392
0.3943257092863392
0.3943257092863392
0.3943257092863392
0.3943257092863392
0.3943257092863392
0.3943257092863392
0.3943257092863392
0.3943257092863392
0.3943257092863392
0.3943257092863392
0.3943257092863392
0.3943257092863392
0.3943257092863392
0.3943257092863392
0.3943257092863392
0.3943257092863392
0.3943257092863392
0.3943257092863392
0.3943257092863392
0.3943257092863392
0.3943257092863392
0.3943257092863392
0.3943257092863392
0.3943257092863392
0.3943257092863392
0.3943257092863392
0.3943257092863392
0.3943257092863392
0.3943257092863392
0.3943257092863392
0.3943257092863392
0.3943257092863392
0.3943257092863392
0.3943257092863392
0.3943257092863392
0.3943257092863392
0.3943257092863392
0.3943257092863392
0.3943257092863392
0.3943257092863392
0.3943257092863392
0.3943257092863392
0.3943257092863392
0.3943257092863392
0.3943257092863392
0.3943257092863392
0.3943257092863392
0.3943257092863392
0.3943257092863392
0.3943257092863392
0.3943257092863392
0.3943257092863392
0.3943257092863392
0.3943257092863392
0.3943257092863392
0.3943257092863392
0.3943257092863392
0.3943257092863392
0.3943257092863392
0.3943257092863392
0.3943257092863392
0.3943257092863392
0.3943257092863392
0.3943257092863392
0.3943257092863392
0.3943257092863392
0.3943257092863392
0.3943257092863392
0.3943257092863392
0.3943257092863392
0.3943257092863392
0.3943257092863392
0.3943257092863392
0.3943257092863392
0.3943257092863392
0.3943257092863392
0.3943257092863392
0.3943257092863392
0.3943257092863392
0.3943257092863392
0.3943257092863392
0.3943257092863392
0.3943257092863392
0.3943257092863392
0.3943257092863392
0.3943257092863392
0.3943257092863392
0.3943257092863392
0.3943257092863392
0.3943257092863392
0.3943257092863392
0.3943257092863392
0.3943257092863392
0.3943257092863392
0.3943257092863392
0.3943257092863392
0.3943257092863392
0.3943257092863392
0.3943257092863392
0.3943257092863392
0.3943257092863392
0.3943257092863392
0.3943257092863392
0.3943257092863392
0.3943257092863392
0.3943257092863392
0.3943257092863392
0.3943257092863392
0.3943257092863392
0.3943257092863392
0.3943257092863392
0.3943257092863392
0.3943257092863392
0.3943257092863392
0.3943257092863392
0.3943257092863392
0.3943257092863392
0.3943257092863392
0.3943257092863392
0.3943257092863392
0.3943257092863392
0.3943257092863392
0.3943257092863392
0.3943257092863392
0.3943257092863392
0.3943257092863392
0.3943257092863392
0.3943257092863392
0.3943257092863392
0.3943257092863392
0.3943257092863392
0.3943257092863392
0.3943257092863392
0.3943257092863392
0.3943257092863392
0.3943257092863392
0.3943257092863392
0.3943257092863392
0.3943257092863392
0.3943257092863392
0.3943257092863392
0.3943257092863392
0.3943257092863392
0.3943257092863392
0.3943257092863392
0.3943257092863392
0.3943257092863392
0.3943257092863392
0.3943257092863392
0.3943257092863392
0.3943257092863392
0.3943257092863392
0.3943257092863392
0.3943257092863392
0.3943257092863392
0.3943257092863392
0.3943257092863392
0.3943257092863392
0.3943257092863392
0.3943257092863392
0.3943257092863392
0.3943257092863392
0.3943257092863392
0.3943257092863392
0.3943257092863392
0.3943257092863392
0.3943257092863392
0.3943257092863392
0.3943257092863392
0.3943257092863392
0.3943257092863392
0.3943257092863392
0.3943257092863392
0.3943257092863392
0.3943257092863392
0.3943257092863392
0.3943257092863392
0.3943257092863392
0.3943257092863392
0.3943257092863392
0.3943257092863392
0.3943257092863392
0.3943257092863392
0.3943257092863392
0.3943257092863392
0.3943257092863392
0.3943257092863392
0.3943257092863392
0.3943257092863392
0.3943257092863392
0.3943257092863392
0.3943257092863392
0.3943257092863392
0.3943257092863392
0.3943257092863392
0.3943257092863392
0.3943257092863392
0.3943257092863392
0.3943257092863392
0.3943257092863392
0.3943257092863392
0.3943257092863392
0.3943257092863392
0.3943257092863392
0.3943257092863392
0.3943257092863392
0.3943257092863392
0.3943257092863392
0.3943257092863392
0.3943257092863392
0.3943257092863392
0.3943257092863392
0.3943257092863392
0.3943257092863392
0.3943257092863392
0.3943257092863392
0.3943257092863392
0.3943257092863392
0.3943257092863392
0.3943257092863392
0.3943257092863392
0.3943257092863392
0.3943257092863392
0.3943257092863392
0.3943257092863392
0.3943257092863392
0.3943257092863392
0.3943257092863392
0.3943257092863392
0.3943257092863392
0.3943257092863392
0.3943257092863392
0.3943257092863392
0.3943257092863392
0.3943257092863392
0.3943257092863392
0.3943257092863392
0.3943257092863392
0.3943257092863392
0.3943257092863392
0.3943257092863392
0.3943257092863392
0.3943257092863392
0.3943257092863392
0.3943257092863392
0.3943257092863392
0.3943257092863392
0.3943257092863392
0.3943257092863392
0.3943257092863392
0.3943257092863392
0.3943257092863392
0.3943257092863392
0.3943257092863392
0.3943257092863392
0.3943257092863392
0.3943257092863392
0.3943257092863392
0.3943257092863392
0.3943257092863392
0.3943257092863392
0.3943257092863392
0.3943257092863392
0.3943257092863392
0.3943257092863392
0.3943257092863392
0.3943257092863392
0.3943257092863392
0.3943257092863392
0.3943257092863392
0.3943257092863392
0.3943257092863392
0.3943257092863392
0.3943257092863392
0.3943257092863392
0.3943257092863392
0.3943257092863392
0.3943257092863392
0.3943257092863392
0.3943257092863392
0.3943257092863392
0.3943257092863392
0.3943257092863392
0.3943257092863392
0.3943257092863392
0.3943257092863392
0.3943257092863392
0.3943257092863392
0.3943257092863392
0.3943257092863392
0.3943257092863392
0.3943257092863392
0.3943257092863392
0.3943257092863392
0.3943257092863392
0.3943257092863392
0.3943257092863392
0.3943257092863392
0.3943257092863392
0.3943257092863392
0.3943257092863392
0.3943257092863392
0.3943257092863392
0.3943257092863392
0.3943257092863392
0.3943257092863392
0.3943257092863392
0.3943257092863392
0.3943257092863392
0.3943257092863392
0.3943257092863392
0.3943257092863392
0.3943257092863392
0.3943257092863392
0.3943257092863392
0.3943257092863392
0.3943257092863392
0.3943257092863392
0.3943257092863392
0.3943257092863392
0.3943257092863392
0.3943257092863392
0.3943257092863392
0.3943257092863392
0.3943257092863392
0.3943257092863392
0.3943257092863392
0.3943257092863392
0.3943257092863392
0.3943257092863392
0.3943257092863392
0.3943257092863392
0.3943257092863392
0.3943257092863392
0.3943257092863392
0.3943257092863392
0.3943257092863392
0.3943257092863392
0.3943257092863392
0.3943257092863392
0.3943257092863392
0.3943257092863392
0.3943257092863392
0.3943257092863392
0.3943257092863392
0.3943257092863392
0.3943257092863392
0.3943257092863392
0.3943257092863392
0.3943257092863392
0.3943257092863392
0.3943257092863392
0.3943257092863392
0.3943257092863392
0.3943257092863392
0.3943257092863392
0.3943257092863392
0.3943257092863392
0.3943257092863392
0.3943257092863392
0.3943257092863392
0.3943257092863392
0.3943257092863392
0.3943257092863392
0.3943257092863392
0.3943257092863392
0.3943257092863392
0.3943257092863392
0.3943257092863392
0.3943257092863392
0.3943257092863392
0.3943257092863392
0.3943257092863392
0.3943257092863392
0.3943257092863392
0.3943257092863392
0.3943257092863392
0.3943257092863392
0.3943257092863392
0.3943257092863392
0.3943257092863392
0.3943257092863392
0.3943257092863392
0.3943257092863392
0.3943257092863392
0.3943257092863392
0.3943257092863392
0.3943257092863392
0.3943257092863392
0.3943257092863392
0.3943257092863392
0.3943257092863392
0.3943257092863392
0.3943257092863392
0.3943257092863392
0.3943257092863392
0.3943257092863392
0.3943257092863392
0.3943257092863392
0.3943257092863392
0.3943257092863392
0.3943257092863392
0.3943257092863392
0.3943257092863392
0.3943257092863392
0.3943257092863392
0.3943257092863392
0.3943257092863392
0.3943257092863392
0.3943257092863392
0.3943257092863392
0.3943257092863392
0.3943257092863392
0.3943257092863392
0.3943257092863392
0.3943257092863392
0.3943257092863392
0.3943257092863392
0.3943257092863392
0.3943257092863392
0.3943257092863392
0.3943257092863392
0.3943257092863392
0.3943257092863392
0.3943257092863392
0.3943257092863392
0.3943257092863392
0.3943257092863392
0.3943257092863392
0.3943257092863392
0.3943257092863392
0.3943257092863392
0.3943257092863392
0.3943257092863392
0.3943257092863392
0.3943257092863392
0.3943257092863392
0.3943257092863392
0.3943257092863392
0.3943257092863392
0.3943257092863392
0.3943257092863392
0.3943257092863392
0.3943257092863392
0.3943257092863392
0.3943257092863392
0.3943257092863392
0.3943257092863392
0.3943257092863392
0.3943257092863392
Fator de regularizacao: 0.7999999999999999
0.25867269984917046
0.25867269984917046
0.25867269984917046
0.316341252228141
0.3943257092863392
0.3943257092863392
0.3943257092863392
0.3943257092863392
0.3943257092863392
0.3943257092863392
0.3943257092863392
0.3943257092863392
0.3943257092863392
0.3943257092863392
0.3943257092863392
0.3943257092863392
0.3943257092863392
0.3943257092863392
0.3943257092863392
0.3943257092863392
0.3943257092863392
0.3943257092863392
0.3943257092863392
0.3943257092863392
0.3943257092863392
0.3943257092863392
0.3943257092863392
0.3943257092863392
0.3943257092863392
0.3943257092863392
0.3943257092863392
0.3943257092863392
0.3943257092863392
0.3943257092863392
0.3943257092863392
0.3943257092863392
0.3943257092863392
0.3943257092863392
0.3943257092863392
0.3943257092863392
0.3943257092863392
0.3943257092863392
0.3943257092863392
0.3943257092863392
0.3943257092863392
0.3943257092863392
0.3943257092863392
0.3943257092863392
0.3943257092863392
0.3943257092863392
0.3943257092863392
0.3943257092863392
0.3943257092863392
0.3943257092863392
0.3943257092863392
0.3943257092863392
0.3943257092863392
0.3943257092863392
0.3943257092863392
0.3943257092863392
0.3943257092863392
0.3943257092863392
0.3943257092863392
0.3943257092863392
0.3943257092863392
0.3943257092863392
0.3943257092863392
0.3943257092863392
0.3943257092863392
0.3943257092863392
0.3943257092863392
0.3943257092863392
0.3943257092863392
0.3943257092863392
0.3943257092863392
0.3943257092863392
0.3943257092863392
0.3943257092863392
0.3943257092863392
0.3943257092863392
0.3943257092863392
0.3943257092863392
0.3943257092863392
0.3943257092863392
0.3943257092863392
0.3943257092863392
0.3943257092863392
0.3943257092863392
0.3943257092863392
0.3943257092863392
0.3943257092863392
0.3943257092863392
0.3943257092863392
0.3943257092863392
0.3943257092863392
0.3943257092863392
0.3943257092863392
0.3943257092863392
0.3943257092863392
0.3943257092863392
0.3943257092863392
0.3943257092863392
0.3943257092863392
0.3943257092863392
0.3943257092863392
0.3943257092863392
0.3943257092863392
0.3943257092863392
0.3943257092863392
0.3943257092863392
0.3943257092863392
0.3943257092863392
0.3943257092863392
0.3943257092863392
0.3943257092863392
0.3943257092863392
0.3943257092863392
0.3943257092863392
0.3943257092863392
0.3943257092863392
0.3943257092863392
0.3943257092863392
0.3943257092863392
0.3943257092863392
0.3943257092863392
0.3943257092863392
0.3943257092863392
0.3943257092863392
0.3943257092863392
0.3943257092863392
0.3943257092863392
0.3943257092863392
0.3943257092863392
0.3943257092863392
0.3943257092863392
0.3943257092863392
0.3943257092863392
0.3943257092863392
0.3943257092863392
0.3943257092863392
0.3943257092863392
0.3943257092863392
0.3943257092863392
0.3943257092863392
0.3943257092863392
0.3943257092863392
0.3943257092863392
0.3943257092863392
0.3943257092863392
0.3943257092863392
0.3943257092863392
0.3943257092863392
0.3943257092863392
0.3943257092863392
0.3943257092863392
0.3943257092863392
0.3943257092863392
0.3943257092863392
0.3943257092863392
0.3943257092863392
0.3943257092863392
0.3943257092863392
0.3943257092863392
0.3943257092863392
0.3943257092863392
0.3943257092863392
0.3943257092863392
0.3943257092863392
0.3943257092863392
0.3943257092863392
0.3943257092863392
0.3943257092863392
0.3943257092863392
0.3943257092863392
0.3943257092863392
0.3943257092863392
0.3943257092863392
0.3943257092863392
0.3943257092863392
0.3943257092863392
0.3943257092863392
0.3943257092863392
0.3943257092863392
0.3943257092863392
0.3943257092863392
0.3943257092863392
0.3943257092863392
0.3943257092863392
0.3943257092863392
0.3943257092863392
0.3943257092863392
0.3943257092863392
0.3943257092863392
0.3943257092863392
0.3943257092863392
0.3943257092863392
0.3943257092863392
0.3943257092863392
0.3943257092863392
0.3943257092863392
0.3943257092863392
0.3943257092863392
0.3943257092863392
0.3943257092863392
0.3943257092863392
0.3943257092863392
0.3943257092863392
0.3943257092863392
0.3943257092863392
0.3943257092863392
0.3943257092863392
0.3943257092863392
0.3943257092863392
0.3943257092863392
0.3943257092863392
0.3943257092863392
0.3943257092863392
0.3943257092863392
0.3943257092863392
0.3943257092863392
0.3943257092863392
0.3943257092863392
0.3943257092863392
0.3943257092863392
0.3943257092863392
0.3943257092863392
0.3943257092863392
0.3943257092863392
0.3943257092863392
0.3943257092863392
0.3943257092863392
0.3943257092863392
0.3943257092863392
0.3943257092863392
0.3943257092863392
0.3943257092863392
0.3943257092863392
0.3943257092863392
0.3943257092863392
0.3943257092863392
0.3943257092863392
0.3943257092863392
0.3943257092863392
0.3943257092863392
0.3943257092863392
0.3943257092863392
0.3943257092863392
0.3943257092863392
0.3943257092863392
0.3943257092863392
0.3943257092863392
0.3943257092863392
0.3943257092863392
0.3943257092863392
0.3943257092863392
0.3943257092863392
0.3943257092863392
0.3943257092863392
0.3943257092863392
0.3943257092863392
0.3943257092863392
0.3943257092863392
0.3943257092863392
0.3943257092863392
0.3943257092863392
0.3943257092863392
0.3943257092863392
0.3943257092863392
0.3943257092863392
0.3943257092863392
0.3943257092863392
0.3943257092863392
0.3943257092863392
0.3943257092863392
0.3943257092863392
0.3943257092863392
0.3943257092863392
0.3943257092863392
0.3943257092863392
0.3943257092863392
0.3943257092863392
0.3943257092863392
0.3943257092863392
0.3943257092863392
0.3943257092863392
0.3943257092863392
0.3943257092863392
0.3943257092863392
0.3943257092863392
0.3943257092863392
0.3943257092863392
0.3943257092863392
0.3943257092863392
0.3943257092863392
0.3943257092863392
0.3943257092863392
0.3943257092863392
0.3943257092863392
0.3943257092863392
0.3943257092863392
0.3943257092863392
0.3943257092863392
0.3943257092863392
0.3943257092863392
0.3943257092863392
0.3943257092863392
0.3943257092863392
0.3943257092863392
0.3943257092863392
0.3943257092863392
0.3943257092863392
0.3943257092863392
0.3943257092863392
0.3943257092863392
0.3943257092863392
0.3943257092863392
0.3943257092863392
0.3943257092863392
0.3943257092863392
0.3943257092863392
0.3943257092863392
0.3943257092863392
0.3943257092863392
0.3943257092863392
0.3943257092863392
0.3943257092863392
0.3943257092863392
0.3943257092863392
0.3943257092863392
0.3943257092863392
0.3943257092863392
0.3943257092863392
0.3943257092863392
0.3943257092863392
0.3943257092863392
0.3943257092863392
0.3943257092863392
0.3943257092863392
0.3943257092863392
0.3943257092863392
0.3943257092863392
0.3943257092863392
0.3943257092863392
0.3943257092863392
0.3943257092863392
0.3943257092863392
0.3943257092863392
0.3943257092863392
0.3943257092863392
0.3943257092863392
0.3943257092863392
0.3943257092863392
0.3943257092863392
0.3943257092863392
0.3943257092863392
0.3943257092863392
0.3943257092863392
0.3943257092863392
0.3943257092863392
0.3943257092863392
0.3943257092863392
0.3943257092863392
0.3943257092863392
0.3943257092863392
0.3943257092863392
0.3943257092863392
0.3943257092863392
0.3943257092863392
0.3943257092863392
0.3943257092863392
0.3943257092863392
0.3943257092863392
0.3943257092863392
0.3943257092863392
0.3943257092863392
0.3943257092863392
0.3943257092863392
0.3943257092863392
0.3943257092863392
0.3943257092863392
0.3943257092863392
0.3943257092863392
0.3943257092863392
0.3943257092863392
0.3943257092863392
0.3943257092863392
0.3943257092863392
0.3943257092863392
0.3943257092863392
0.3943257092863392
0.3943257092863392
0.3943257092863392
0.3943257092863392
0.3943257092863392
0.3943257092863392
0.3943257092863392
0.3943257092863392
0.3943257092863392
0.3943257092863392
0.3943257092863392
0.3943257092863392
0.3943257092863392
0.3943257092863392
0.3943257092863392
0.3943257092863392
0.3943257092863392
0.3943257092863392
0.3943257092863392
0.3943257092863392
0.3943257092863392
0.3943257092863392
0.3943257092863392
0.3943257092863392
0.3943257092863392
0.3943257092863392
0.3943257092863392
0.3943257092863392
0.3943257092863392
0.3943257092863392
0.3943257092863392
0.3943257092863392
0.3943257092863392
0.3943257092863392
0.3943257092863392
0.3943257092863392
0.3943257092863392
0.3943257092863392
0.3943257092863392
0.3943257092863392
0.3943257092863392
0.3943257092863392
0.3943257092863392
0.3943257092863392
0.3943257092863392
0.3943257092863392
0.3943257092863392
0.3943257092863392
0.3943257092863392
0.3943257092863392
0.3943257092863392
0.3943257092863392
0.3943257092863392
0.3943257092863392
0.3943257092863392
0.3943257092863392
0.3943257092863392
0.3943257092863392
0.3943257092863392
0.3943257092863392
0.3943257092863392
0.3943257092863392
0.3943257092863392
0.3943257092863392
0.3943257092863392
0.3943257092863392
0.3943257092863392
0.3943257092863392
0.3943257092863392
0.3943257092863392
0.3943257092863392
0.3943257092863392
0.3943257092863392
0.3943257092863392
0.3943257092863392
0.3943257092863392
0.3943257092863392
0.3943257092863392
0.3943257092863392
0.3943257092863392
0.3943257092863392
0.3943257092863392
0.3943257092863392
0.3943257092863392
0.3943257092863392
0.3943257092863392
0.3943257092863392
0.3943257092863392
0.3943257092863392
0.3943257092863392
0.3943257092863392
0.3943257092863392
0.3943257092863392
0.3943257092863392
0.3943257092863392
0.3943257092863392
0.3943257092863392
0.3943257092863392
0.3943257092863392
0.3943257092863392
0.3943257092863392
0.3943257092863392
0.3943257092863392
0.3943257092863392
0.3943257092863392
0.3943257092863392
0.3943257092863392
0.3943257092863392
0.3943257092863392
0.3943257092863392
0.3943257092863392
Fator de regularizacao: 0.8999999999999999
0.25867269984917046
0.25867269984917046
0.25867269984917046
0.6185638073826906
0.3943257092863392
0.3943257092863392
0.3943257092863392
0.3943257092863392
0.3943257092863392
0.3943257092863392
0.3943257092863392
0.3943257092863392
0.3943257092863392
0.3943257092863392
0.3943257092863392
0.3943257092863392
0.3943257092863392
0.3943257092863392
0.3943257092863392
0.3943257092863392
0.3943257092863392
0.3943257092863392
0.3943257092863392
0.3943257092863392
0.3943257092863392
0.3943257092863392
0.3943257092863392
0.3943257092863392
0.3943257092863392
0.3943257092863392
0.3943257092863392
0.3943257092863392
0.3943257092863392
0.3943257092863392
0.3943257092863392
0.3943257092863392
0.3943257092863392
0.3943257092863392
0.3943257092863392
0.3943257092863392
0.3943257092863392
0.3943257092863392
0.3943257092863392
0.3943257092863392
0.3943257092863392
0.3943257092863392
0.3943257092863392
0.3943257092863392
0.3943257092863392
0.3943257092863392
0.3943257092863392
0.3943257092863392
0.3943257092863392
0.3943257092863392
0.3943257092863392
0.3943257092863392
0.3943257092863392
0.3943257092863392
0.3943257092863392
0.3943257092863392
0.3943257092863392
0.3943257092863392
0.3943257092863392
0.3943257092863392
0.3943257092863392
0.3943257092863392
0.3943257092863392
0.3943257092863392
0.3943257092863392
0.3943257092863392
0.3943257092863392
0.3943257092863392
0.3943257092863392
0.3943257092863392
0.3943257092863392
0.3943257092863392
0.3943257092863392
0.3943257092863392
0.3943257092863392
0.3943257092863392
0.3943257092863392
0.3943257092863392
0.3943257092863392
0.3943257092863392
0.3943257092863392
0.3943257092863392
0.3943257092863392
0.3943257092863392
0.3943257092863392
0.3943257092863392
0.3943257092863392
0.3943257092863392
0.3943257092863392
0.3943257092863392
0.3943257092863392
0.3943257092863392
0.3943257092863392
0.3943257092863392
0.3943257092863392
0.3943257092863392
0.3943257092863392
0.3943257092863392
0.3943257092863392
0.3943257092863392
0.3943257092863392
0.3943257092863392
0.3943257092863392
0.3943257092863392
0.3943257092863392
0.3943257092863392
0.3943257092863392
0.3943257092863392
0.3943257092863392
0.3943257092863392
0.3943257092863392
0.3943257092863392
0.3943257092863392
0.3943257092863392
0.3943257092863392
0.3943257092863392
0.3943257092863392
0.3943257092863392
0.3943257092863392
0.3943257092863392
0.3943257092863392
0.3943257092863392
0.3943257092863392
0.3943257092863392
0.3943257092863392
0.3943257092863392
0.3943257092863392
0.3943257092863392
0.3943257092863392
0.3943257092863392
0.3943257092863392
0.3943257092863392
0.3943257092863392
0.3943257092863392
0.3943257092863392
0.3943257092863392
0.3943257092863392
0.3943257092863392
0.3943257092863392
0.3943257092863392
0.3943257092863392
0.3943257092863392
0.3943257092863392
0.3943257092863392
0.3943257092863392
0.3943257092863392
0.3943257092863392
0.3943257092863392
0.3943257092863392
0.3943257092863392
0.3943257092863392
0.3943257092863392
0.3943257092863392
0.3943257092863392
0.3943257092863392
0.3943257092863392
0.3943257092863392
0.3943257092863392
0.3943257092863392
0.3943257092863392
0.3943257092863392
0.3943257092863392
0.3943257092863392
0.3943257092863392
0.3943257092863392
0.3943257092863392
0.3943257092863392
0.3943257092863392
0.3943257092863392
0.3943257092863392
0.3943257092863392
0.3943257092863392
0.3943257092863392
0.3943257092863392
0.3943257092863392
0.3943257092863392
0.3943257092863392
0.3943257092863392
0.3943257092863392
0.3943257092863392
0.3943257092863392
0.3943257092863392
0.3943257092863392
0.3943257092863392
0.3943257092863392
0.3943257092863392
0.3943257092863392
0.3943257092863392
0.3943257092863392
0.3943257092863392
0.3943257092863392
0.3943257092863392
0.3943257092863392
0.3943257092863392
0.3943257092863392
0.3943257092863392
0.3943257092863392
0.3943257092863392
0.3943257092863392
0.3943257092863392
0.3943257092863392
0.3943257092863392
0.3943257092863392
0.3943257092863392
0.3943257092863392
0.3943257092863392
0.3943257092863392
0.3943257092863392
0.3943257092863392
0.3943257092863392
0.3943257092863392
0.3943257092863392
0.3943257092863392
0.3943257092863392
0.3943257092863392
0.3943257092863392
0.3943257092863392
0.3943257092863392
0.3943257092863392
0.3943257092863392
0.3943257092863392
0.3943257092863392
0.3943257092863392
0.3943257092863392
0.3943257092863392
0.3943257092863392
0.3943257092863392
0.3943257092863392
0.3943257092863392
0.3943257092863392
0.3943257092863392
0.3943257092863392
0.3943257092863392
0.3943257092863392
0.3943257092863392
0.3943257092863392
0.3943257092863392
0.3943257092863392
0.3943257092863392
0.3943257092863392
0.3943257092863392
0.3943257092863392
0.3943257092863392
0.3943257092863392
0.3943257092863392
0.3943257092863392
0.3943257092863392
0.3943257092863392
0.3943257092863392
0.3943257092863392
0.3943257092863392
0.3943257092863392
0.3943257092863392
0.3943257092863392
0.3943257092863392
0.3943257092863392
0.3943257092863392
0.3943257092863392
0.3943257092863392
0.3943257092863392
0.3943257092863392
0.3943257092863392
0.3943257092863392
0.3943257092863392
0.3943257092863392
0.3943257092863392
0.3943257092863392
0.3943257092863392
0.3943257092863392
0.3943257092863392
0.3943257092863392
0.3943257092863392
0.3943257092863392
0.3943257092863392
0.3943257092863392
0.3943257092863392
0.3943257092863392
0.3943257092863392
0.3943257092863392
0.3943257092863392
0.3943257092863392
0.3943257092863392
0.3943257092863392
0.3943257092863392
0.3943257092863392
0.3943257092863392
0.3943257092863392
0.3943257092863392
0.3943257092863392
0.3943257092863392
0.3943257092863392
0.3943257092863392
0.3943257092863392
0.3943257092863392
0.3943257092863392
0.3943257092863392
0.3943257092863392
0.3943257092863392
0.3943257092863392
0.3943257092863392
0.3943257092863392
0.3943257092863392
0.3943257092863392
0.3943257092863392
0.3943257092863392
0.3943257092863392
0.3943257092863392
0.3943257092863392
0.3943257092863392
0.3943257092863392
0.3943257092863392
0.3943257092863392
0.3943257092863392
0.3943257092863392
0.3943257092863392
0.3943257092863392
0.3943257092863392
0.3943257092863392
0.3943257092863392
0.3943257092863392
0.3943257092863392
0.3943257092863392
0.3943257092863392
0.3943257092863392
0.3943257092863392
0.3943257092863392
0.3943257092863392
0.3943257092863392
0.3943257092863392
0.3943257092863392
0.3943257092863392
0.3943257092863392
0.3943257092863392
0.3943257092863392
0.3943257092863392
0.3943257092863392
0.3943257092863392
0.3943257092863392
0.3943257092863392
0.3943257092863392
0.3943257092863392
0.3943257092863392
0.3943257092863392
0.3943257092863392
0.3943257092863392
0.3943257092863392
0.3943257092863392
0.3943257092863392
0.3943257092863392
0.3943257092863392
0.3943257092863392
0.3943257092863392
0.3943257092863392
0.3943257092863392
0.3943257092863392
0.3943257092863392
0.3943257092863392
0.3943257092863392
0.3943257092863392
0.3943257092863392
0.3943257092863392
0.3943257092863392
0.3943257092863392
0.3943257092863392
0.3943257092863392
0.3943257092863392
0.3943257092863392
0.3943257092863392
0.3943257092863392
0.3943257092863392
0.3943257092863392
0.3943257092863392
0.3943257092863392
0.3943257092863392
0.3943257092863392
0.3943257092863392
0.3943257092863392
0.3943257092863392
0.3943257092863392
0.3943257092863392
0.3943257092863392
0.3943257092863392
0.3943257092863392
0.3943257092863392
0.3943257092863392
0.3943257092863392
0.3943257092863392
0.3943257092863392
0.3943257092863392
0.3943257092863392
0.3943257092863392
0.3943257092863392
0.3943257092863392
0.3943257092863392
0.3943257092863392
0.3943257092863392
0.3943257092863392
0.3943257092863392
0.3943257092863392
0.3943257092863392
0.3943257092863392
0.3943257092863392
0.3943257092863392
0.3943257092863392
0.3943257092863392
0.3943257092863392
0.3943257092863392
0.3943257092863392
0.3943257092863392
0.3943257092863392
0.3943257092863392
0.3943257092863392
0.3943257092863392
0.3943257092863392
0.3943257092863392
0.3943257092863392
0.3943257092863392
0.3943257092863392
0.3943257092863392
0.3943257092863392
0.3943257092863392
0.3943257092863392
0.3943257092863392
0.3943257092863392
0.3943257092863392
0.3943257092863392
0.3943257092863392
0.3943257092863392
0.3943257092863392
0.3943257092863392
0.3943257092863392
0.3943257092863392
0.3943257092863392
0.3943257092863392
0.3943257092863392
0.3943257092863392
0.3943257092863392
0.3943257092863392
0.3943257092863392
0.3943257092863392
0.3943257092863392
0.3943257092863392
0.3943257092863392
0.3943257092863392
0.3943257092863392
0.3943257092863392
0.3943257092863392
0.3943257092863392
0.3943257092863392
0.3943257092863392
0.3943257092863392
0.3943257092863392
0.3943257092863392
0.3943257092863392
0.3943257092863392
0.3943257092863392
0.3943257092863392
0.3943257092863392
0.3943257092863392
0.3943257092863392
0.3943257092863392
0.3943257092863392
0.3943257092863392
0.3943257092863392
0.3943257092863392
0.3943257092863392
0.3943257092863392
0.3943257092863392
0.3943257092863392
0.3943257092863392
0.3943257092863392
0.3943257092863392
0.3943257092863392
0.3943257092863392
0.3943257092863392
0.3943257092863392
0.3943257092863392
0.3943257092863392
0.3943257092863392
0.3943257092863392
0.3943257092863392
0.3943257092863392
0.3943257092863392
0.3943257092863392
0.3943257092863392
0.3943257092863392
0.3943257092863392
0.3943257092863392
0.3943257092863392
0.3943257092863392
0.3943257092863392
0.3943257092863392
0.3943257092863392
0.3943257092863392
0.3943257092863392
0.3943257092863392
