Fator de regularizacao: 0.1
0.38552874716224067
0.38552874716224067
0.38552874716224067
0.38552874716224067
0.38552874716224067
0.38552874716224067
0.38552874716224067
0.38552874716224067
0.38552874716224067
0.5775760425800687
0.7267946572724521
0.8433896310575459
0.8651238877811585
0.894340758066763
0.8831744943917496
0.8786695308802482
0.8791520684226908
0.9086510502805712
0.9071589002744729
0.9117268310302368
0.8523661674670816
0.9094851319990639
0.9189700517198333
0.8767128641065067
0.9161672791651034
0.8514657154957741
0.9041908231645074
0.8736056403731659
0.9298467400047361
0.9343759345610652
0.9468129761702666
0.9118883637692701
0.9301349960354879
0.8891708047210318
0.930886413178192
0.9354633852996107
0.8917168419019091
0.9039647559977457
0.9317229600834285
0.9174622852526444
0.9193354921675922
0.8999338191446309
0.9316151585932939
0.9402702314325229
0.9131475936667413
0.9474482961199646
0.9247637920187095
0.9360286165541961
0.9582207415332846
0.8855708425884229
0.9349028898123212
0.8955723289022343
0.9547724831444698
0.9436462526425954
0.9228921801232455
0.9470361281128923
0.9203201940103023
0.9274079515483317
0.9550972984173963
0.8940745617750544
0.9179294916845958
0.9000487802427044
0.926436525982029
0.9278071989767133
0.9535829619489457
0.9284735091840357
0.9321608590672155
0.9168546264723115
0.9385008593991617
0.9457659990296736
0.9371622450110587
0.9474117936624094
0.9268047206907408
0.9644244173094908
0.9357953372537358
0.9500241186891728
0.9208888800525497
0.9082990345827866
0.948697266954525
0.9370534147814137
0.9331564454284196
0.9382420002256918
0.9014486049759254
0.9423337312328997
0.9256877802069742
0.9510891338014906
0.9310391962612853
0.9321109918055118
0.9388354248033106
0.931325940687158
0.9412273889086592
0.9413910202089836
0.9470332187457127
0.9366128522327202
0.9250708278507727
0.9485873228547892
0.9238793301674122
0.9317429403722519
0.9250868830525331
0.9665964230698609
0.9447387677918883
0.9352610074114034
0.946271894332558
0.9268921785612217
0.9198623419260501
0.9269247061557717
0.9427924131447263
0.9587593408775399
0.9543518247039401
0.9441815286849714
0.9564178211319131
0.9485404017771207
0.9415336578537753
0.9074906007890485
0.9497558320048457
0.9484168219899927
0.9512608864245488
0.9286538203744913
0.9432082930553186
0.9419274958373822
0.9298986918942038
0.9484377110809377
0.9412227387226155
0.9482097395660721
0.9406570873515058
0.9539490836975734
0.9321807502596975
0.9151587733225461
0.9389804193152729
0.9428923626759567
0.9469336600226924
0.9666343254308074
0.9293973945091969
0.9159683310451225
0.9298477500903471
0.9417782625668488
0.9521042998914281
0.9560424672689564
0.9307467982386213
0.9227593912899172
0.9339769484373758
0.9482981229011402
0.9389483401507771
0.9344200693915425
0.9352674290064253
0.9562247509021958
0.925692580292133
0.9447912573745132
0.9509407325964514
0.9559177804980443
0.9206654323685493
0.944785214999307
0.9479472658197766
0.9550880175207654
0.9454320994467587
0.9569244039922487
0.9436085281085281
0.9393629083636709
0.9504247643831671
0.9446437040726876
0.9451954359491482
0.954353217396158
0.9447693425829563
0.9486067574282668
0.9414390987031421
0.9558112616467028
0.9456290164030575
0.9623008343013233
0.9475963016048723
0.9501275966495537
0.9377370132085343
0.9309020109466548
0.9578347529677217
0.9359019730304535
0.9549474486365133
0.9602551403720512
0.9306561450215172
0.9420720521684972
0.9409281128586091
0.9567466784804719
0.934754858993875
0.9115850460414003
0.9420209377131453
0.9486315278432196
0.9313587301388047
0.9564998444164088
0.9544025744244082
0.931741708795103
0.9462981677031126
0.9343912295446358
0.9517614433582834
0.9241519250204474
0.8975857965948488
0.9321098665444923
0.9462657185702545
0.9384712595623407
0.9627119950319699
0.9287146807666117
0.9507343886888885
0.9290304103014971
0.9377130856100427
0.9052058649375947
0.9369685388392351
0.9445699807474257
0.9497403932717141
0.9469081032653935
0.9377485799371936
0.95276244159637
0.934250940556437
0.9072831224182669
0.9645958989502535
0.9542100473072566
0.9380112990308873
0.9462571346237955
0.9343139719088125
0.9406898795846164
0.958790906488176
0.956023617757411
0.9451661812188126
0.9478617835197797
0.9253861251667808
0.947265755811622
0.9560677001867373
0.9525818542542653
0.9444465673273503
0.914055713778532
0.9523506216662879
0.9409427652686994
0.9211478976376327
0.9153008455768165
0.9544673805431281
0.9194535584337121
0.9236634091510252
0.9211863496234184
0.9434638260558206
0.9417327277933915
0.9632397021851873
0.9318738213306335
0.9608975705028339
0.934182331418457
0.938482491450276
0.929502699908447
0.9379495412382152
0.9508841035887302
0.9416993041195922
0.9523016934039077
0.9368925018177994
0.9492014942546149
0.9522279407131492
0.9445109893829761
0.9362769500583699
0.9488622878462081
0.9165507347497629
0.9409795811845212
0.9457763978660279
0.9474920742491317
0.9568264213874726
0.9447577606545285
0.9539489236630155
0.9451602779682517
0.9464472264595886
0.9559495979104163
0.9323659158966346
0.9493144969548922
0.960749294331684
0.9626644463075001
0.946477080992266
0.9484246268430953
0.9610896804681864
0.9247413195359069
0.948761000189927
0.9399919747483674
0.9224950964579012
0.9472910056338734
0.9173965457290233
0.9186315378264072
0.9347560421910746
0.9471523174423473
0.9509663892673592
0.9319305842580945
0.9282356992137167
0.9433352883617054
0.9310338209789784
0.9565410347388182
0.9271678868101721
0.9485946807297022
0.9276605369586374
0.9502329491654983
0.9573742477015615
0.9547863251797948
0.9534604979260051
0.9034821200982284
0.9236159621809558
0.9562922316361673
0.9564429182109582
0.9235477261391238
0.953893042823539
0.9304613946380655
0.9588648230245482
0.9342397165532951
0.9501845013178578
0.9104048996551125
0.9439180948572862
0.9436787668812279
0.9434427278499697
0.942328646471845
0.9447321146946963
0.9337551417645853
0.9449210831396279
0.944825751969816
0.9411761491424866
0.9380885098436138
0.9486364386167082
0.9384116793399263
0.9477254789177214
0.9532187740510369
0.9243104137109652
0.9548312225716303
0.956501931427866
0.9401737750216352
0.9374196589116528
0.9442561669965748
0.957162036921995
0.9471983091295698
0.9451868560151306
0.9209818934979296
0.9567665406546629
0.9442120845672488
0.9550497981747629
0.9274503851200357
0.9509218901643288
0.9477530149328132
0.9424576431044072
0.9404302247058677
0.9488409805090832
0.9071016168145409
0.935526082711102
0.9416165551831186
0.946500331961474
0.9485493085002424
0.9398045485530101
0.9336445983982472
0.9277460813972421
0.946037823541878
0.9284750698076462
0.9482547016286418
0.9270447693979683
0.9477102136193715
0.956873590446761
0.9552195754117829
0.9569603879008678
0.9509710225089577
0.9072007074407018
0.9411985504171089
0.9238819747241813
0.9562973834324049
0.9304941321747752
0.9382818792351255
0.9196919325786471
0.9493238924831771
0.9363112664339042
0.9426868829710688
0.947862461544338
0.954990547327242
0.9379627410108844
0.9542111729399612
0.9362949231615874
0.9176078682685198
0.944619021620975
0.9444527945542776
0.9514305432346563
0.9421990604394683
0.958520463894158
0.9350716588223411
0.9243372140382725
0.9509242852433942
0.9022052813525082
0.946373121452012
0.9050886281355212
0.9475790952611298
0.9427938639392167
0.9406637051217706
0.944309176406364
0.9124651687247907
0.9384961760912095
0.9319270689168043
0.9464306403631897
0.933914609679755
0.9559729958080603
0.9382480896018144
0.9432284004323321
0.9367507352814824
0.935005326392029
0.9317331885051627
0.9589041678916258
0.9391794643211622
0.9467573632344901
0.947313425704691
0.9360609500587322
0.9546409966101926
0.9449856380185393
0.9524323012881801
0.9488217524189617
0.925198251816728
0.9267040569352238
0.9516591385016294
0.9425703296366713
0.9322969680380838
0.9545413053708686
0.9101483186606769
0.9507525758234696
0.943238243760091
0.9420311335771506
0.9227797651834596
0.9411144104767452
0.936062406589485
0.9346605136853265
0.9431448383393232
0.9573136277211496
0.9329158602886094
0.9341171108540542
0.9530293455029065
0.9463602750709027
0.9565477392618311
0.9264861548326568
0.9553269371221503
0.950709942712097
0.9275803208053525
0.9492321905536999
0.9580086383885558
0.9086356629754342
0.9468372453416766
0.9430859490412482
0.9332388553083572
0.9290809753690574
0.9439979499400657
0.9399531703850428
0.9436491620578307
0.9509174090738354
0.9527239291668093
0.9294662784400293
0.9566230064824512
0.9349975747562643
0.9152199453033555
0.9408565729960827
0.9144201744631122
0.9402665449015665
0.9487423114104422
0.9530268956551519
0.934261931443808
0.9466335438360162
0.9004798400003224
0.9386011807918191
0.9528833565364392
0.9446381467206599
0.9567895620642165
0.9647707063794121
0.9354002914163775
0.9387201616479228
0.9591526814988413
0.9241075617295088
0.9308249555639716
0.9450028519670074
0.9513214366224068
0.9068818025710949
0.9520300445321986
0.9374021010402853
0.9380621394670843
0.9481813961549573
0.9272086257029433
0.9504083509792445
0.9275094723114512
0.9388507030005437
0.9490094453273888
0.9145967463871998
0.9608734940822601
0.9369378169559559
0.945130415549257
0.9375012403740358
0.9360066458165356
0.9364815510919279
0.9494204213851642
0.9565721195515235
0.9383756197739223
0.9514153187026165
0.9439615930244523
0.9441038522288168
0.9455690700338131
0.9359296151312002
0.9450301150506542
0.9425648335773189
0.9471160809536979
0.9377459656442682
0.9408992859964954
0.9465006927900435
0.9366824727979918
0.9411065726253434
0.937737754658732
0.947327478074425
0.9574499834007943
Fator de regularizacao: 0.2
0.38552874716224067
0.38552874716224067
0.38552874716224067
0.38552874716224067
0.38552874716224067
0.38552874716224067
0.38552874716224067
0.38552874716224067
0.38552874716224067
0.5129750149632064
0.7236850466966414
0.6979843108557283
0.7450459191929305
0.7621785291276713
0.8199384251863979
0.8100557461212905
0.8476888956379678
0.8474425809961156
0.8043575246453342
0.8173117800959764
0.8337234175538937
0.8591336469100577
0.8453309980798555
0.8606499886390158
0.8639881940703539
0.8771547007674402
0.8846941642207176
0.8751148495739143
0.8786647657593288
0.8968159116887557
0.8830270112120239
0.8600767697420103
0.8747173014528598
0.8398648353130062
0.8730197610387904
0.8799910554838524
0.8811786836714637
0.868980827453097
0.8645194682065276
0.8751756178631039
0.878357938801846
0.8860956431960616
0.8790673856322122
0.8835732575281854
0.8842056616722846
0.8659549798390606
0.8763738094668115
0.859790191342559
0.8769434352438903
0.8773195107651853
0.8646637337778624
0.9019337287423153
0.8824905443822496
0.9002503287908521
0.8600366718899835
0.8791476004661467
0.8951308354737213
0.8845621645580758
0.9068198897717276
0.8698836376259094
0.882316844377631
0.8973700896417721
0.8923538951245291
0.8995241987572566
0.8832173507240793
0.874953664375069
0.8846604754442104
0.8692839459889814
0.8672134057045142
0.8856509346156637
0.8937645090153113
0.8868805057958202
0.8905543601270246
0.8590502503637012
0.9037769176111017
0.8792524723454559
0.8718342182710062
0.8751668816167394
0.9155272215718725
0.8847242174422927
0.9147602493974214
0.8298686173616943
0.8699024375059018
0.9166323187413775
0.9084922134582947
0.9031145004370364
0.9079639721401319
0.8202443631257689
0.8909547485619657
0.9019881102761758
0.8722083620760752
0.8934216787749903
0.8871282268314028
0.8744014914169332
0.8494490156288862
0.8811683990017076
0.828451080220081
0.8505595715857457
0.9049553944080515
0.8962046299204733
0.8856675494075542
0.8567799653537739
0.9126672253624115
0.8942293877030554
0.8877596626513796
0.9033912608496248
0.8478081110105835
0.8982423163345048
0.8906568400895056
0.9030060524665984
0.8824933226562397
0.8441813159649062
0.9285801414355829
0.8815203160665934
0.8639463061411808
0.861137680773956
0.8627798223451363
0.9000693834856346
0.870193222863783
0.9042690021174362
0.8793755059516993
0.8371352483729877
0.8979577332993441
0.8827384653271185
0.9046882973519749
0.9010436870627998
0.898507834630909
0.8915728726502815
0.8983696479473167
0.9044756782705357
0.895524464428749
0.8757186004665014
0.9022431672927871
0.8915963639713004
0.8889574673855426
0.8642360893000927
0.8894528198059006
0.9015664098998372
0.8884613034935273
0.9171987951284573
0.8997548021554452
0.9039714778407276
0.8807131418226432
0.8854534247206773
0.891158255905004
0.8826149218893212
0.903151215373428
0.8897086820516911
0.9104940730043676
0.9124744693960679
0.8751255320241034
0.8760405349689687
0.8384910988287348
0.8577414308045327
0.9007053187229912
0.8902295013572644
0.8717178783022554
0.8368152099400143
0.9201776372747551
0.8877749589306243
0.8661011125276777
0.890422332045328
0.8583222521861138
0.8818158826375431
0.87223230117335
0.8755111207770065
0.8975995192927707
0.8957294169408838
0.8724173231896517
0.858368244512946
0.9015219578179469
0.8918535643207528
0.8871245126306484
0.8810975195601298
0.8813536676009803
0.8696705595453406
0.8853747720402321
0.9158073071765106
0.9107302145898892
0.8927431786659193
0.8486811191701914
0.9176218541766368
0.8948861664219475
0.8996465242311558
0.90437847684424
0.8833851454928254
0.9005994288421804
0.8497919871132031
0.8941454664227143
0.8987031562553627
0.90586581097175
0.8777940999974886
0.8487647524293773
0.907449464499261
0.8923548261724678
0.9005051969964901
0.867764737244828
0.8822589190681777
0.8729359742961412
0.8747198524058583
0.8829696529270292
0.9107691794547899
0.8498755197226936
0.8968670291898485
0.8736953480386708
0.9052905718738588
0.9048494572574818
0.9030775996837666
0.8995789023027161
0.8690710262928583
0.8968857835403068
0.9205778802030548
0.8518775821531905
0.9173304657479836
0.8671563033054299
0.8438841875569111
0.8817288776664253
0.8822388268394301
0.8801573384223866
0.8998818715925339
0.8682811365662992
0.8937037021725299
0.8862661765554496
0.876352504712729
0.8994780634895478
0.8946730115957985
0.8946387428238106
0.8903368587650361
0.8885038747022584
0.9078880109951083
0.9268788647780181
0.8924466053770319
0.9051179968254915
0.8813043246838392
0.8813761589346152
0.8885309410025632
0.9014238765133108
0.8416303135743943
0.8801233071526744
0.8731088377866939
0.8840487608165061
0.8836518374340596
0.887263436164703
0.8893449539875748
0.8656758138553649
0.8856048195572921
0.8736602029795861
0.8999505758989429
0.8935195767755146
0.8716276061030728
0.8996243196581464
0.8898041885741212
0.8777765182263032
0.8804073149444853
0.85642112887768
0.9226627370932332
0.896260492680956
0.9054705025225911
0.89520298551868
0.9129055554715695
0.8783609198216398
0.8383870160955086
0.9171222039531048
0.9018238182501046
0.891514976032614
0.9042306330780553
0.9073409573635873
0.8780201991321246
0.8933258890841455
0.8986362715718019
0.9004727139756357
0.8929733666569533
0.9029264919173533
0.8639299624512662
0.8945258838108627
0.8762517955320858
0.9022484007734379
0.9102201590739852
0.865558022150165
0.8995451961242166
0.883226807438332
0.8939636516693333
0.8767818995875925
0.9050684628704598
0.8896436810214757
0.8668884130171939
0.899042202392463
0.8903403978235358
0.9016108957835727
0.8640396084626744
0.8577040811623613
0.9040386172098366
0.8796568561801174
0.8922644754457669
0.9134180044145032
0.8900731112113359
0.9063841497372305
0.8892642391015195
0.891060931626934
0.8712493503925488
0.8771677778549923
0.8641228317097124
0.8765811163321052
0.8842217811899398
0.907140296835619
0.8904627594842307
0.8701904185445134
0.8630130247457517
0.8564065367767209
0.8869806563222788
0.8850174405532216
0.879695751068866
0.901313091932658
0.8927312119921907
0.9039894930108344
0.911546287004726
0.9125527542027163
0.8960800129422093
0.8597960624034284
0.9085711769894292
0.9011657453969036
0.856772569143747
0.8379488810889765
0.8802942735722606
0.8478464936113552
0.8826526204464621
0.8976759190288414
0.8560496786604543
0.9045748911486429
0.8832885159094271
0.9109241738460836
0.8842493659189469
0.90978543317735
0.8954632233310666
0.8714108438948781
0.8690273828076351
0.8689502020715952
0.8645479285237473
0.8846307881877241
0.8804135027438971
0.9020104850172949
0.9017648707148374
0.8964894895956593
0.9090527869380148
0.8980632737475773
0.845523347625343
0.8540453218928725
0.8763808930322279
0.8988228397811838
0.8883979495553614
0.891717893731083
0.9118918891043413
0.891403045489587
0.8839037831450055
0.8850068442972152
0.8622509078140095
0.8970441070406971
0.8870579926911489
0.8956847396063032
0.8865952470098156
0.8794379642303596
0.8765176728495707
0.8870013752148896
0.9059570607648162
0.8848071129089693
0.8786373379343224
0.9067105001637467
0.9032880792282446
0.8948215046400854
0.8903467866131967
0.8891298310649196
0.9213561512858135
0.8994989941468836
0.8840772235553045
0.8626126999884296
0.8709479260760661
0.8816743797608033
0.92985684793552
0.8925107752461623
0.841715671072663
0.8781309316862567
0.8818693878135777
0.8653536674428229
0.9043922998797512
0.8839085008126683
0.891281654592553
0.8762229039927071
0.8837722286720542
0.9098153038556631
0.8887535973116121
0.9017719364394521
0.8808022392543364
0.9240757729259302
0.903324724250376
0.9130203765511904
0.8936117052178634
0.8899769954846359
0.8939206203470216
0.8658686590427818
0.9067474287154024
0.8977814513604467
0.9083966000406359
0.8944543031948223
0.9074071038296866
0.864521940811197
0.8474312312602736
0.8791243565442599
0.9078144019481382
0.8696949678860957
0.8915376904151524
0.900192018397254
0.9177585714142268
0.8840965100454831
0.8955855444556651
0.8893070593152055
0.8732585326686957
0.8889424025915362
0.8973396771810744
0.8791639764908018
0.9043209006291819
0.8885365515076564
0.9207018513058243
0.9052955792285646
0.9023436784556704
0.8898908691994997
0.8648139838341642
0.8685713898816928
0.8915061418044402
0.9045989641418979
0.8966334357885242
0.9041306615759657
0.9024424457430797
0.89115766727279
0.8907230411025673
0.8947904307230111
0.8907073054348146
0.9071784492444633
0.9128494918215362
0.8917444602477709
0.89075138761572
0.9134286320377025
0.8944735111077835
0.8819598650822063
0.8886292457277145
0.8578278943554108
0.8392807124475812
0.8846177603124961
0.9174663449669607
0.8476218623933175
0.9028577673688263
0.8865620949270611
0.8907731477485198
0.874113994551689
0.9183351200648403
0.8886413235081708
0.903967370297894
0.9086286912011643
0.8900849479245287
0.8888641548213947
0.8802252698579647
0.8952845381882326
0.8450996528090873
0.917703078567779
0.8590124570775739
0.8451210099825426
0.8975716910029996
0.8788465609500251
0.8442619985481119
0.8613490057686498
0.8913989977430953
0.8836693499457606
0.8835432248626466
0.8706554813370777
0.8713197653617293
0.887079165199512
0.9109435515920389
0.8951568927328086
0.8842687566575613
0.8991365805570439
0.8760302256599928
0.9029600532334193
0.9042091111113588
0.8709160737512078
0.8918919043892968
0.8976865421070773
0.8756922063935109
0.8771583140985142
0.8222508293626716
0.8753478993405495
0.888894289998164
0.8998196731341374
0.8736643238188048
0.9039812294439701
0.8983067238351904
0.880198087306557
0.8821850281819966
0.8973971928570181
0.8506933017892578
0.90086653593255
0.8772867561398371
Fator de regularizacao: 0.30000000000000004
0.38552874716224067
0.38552874716224067
0.38552874716224067
0.38552874716224067
0.38552874716224067
0.38552874716224067
0.38552874716224067
0.38552874716224067
0.4235133146423469
0.5169620018495582
0.6791451942465222
0.7104080836666921
0.7598296625620948
0.7522753196871831
0.7278620863584792
0.733729428566092
0.7784970269049818
0.7768956970436376
0.7362415022941339
0.787724689865365
0.7631431924584836
0.8230716095166322
0.7939150553278649
0.7678358315475234
0.8065866995565907
0.7905698814044098
0.8164605533582983
0.8124153197262297
0.7650332815503094
0.8330509436398204
0.7988797573223444
0.7998166116416933
0.7772583708558799
0.8048787221586637
0.8226490723619303
0.7970576503658853
0.7973304077413728
0.8002461939969203
0.8109433656420226
0.8352653331702268
0.8037277531476563
0.8142389220818036
0.8169613842954796
0.7889792364866779
0.7716916802769036
0.828863242178641
0.8406849747979779
0.8490852318499946
0.7959539737480748
0.8193459971633059
0.7876835084703359
0.8157080441741515
0.8074754489585292
0.7660649479595179
0.8135202063212494
0.8327988653826717
0.8328879189350055
0.8154168772236969
0.8246456765245368
0.8104665970178834
0.8331885477071446
0.7938151533964508
0.7854468509492614
0.8096521336785031
0.824177474837651
0.8020006246779469
0.7932680638678378
0.8246940893079205
0.8231962413566449
0.8128234627136992
0.819389830879999
0.8155686952254781
0.8259380182890208
0.8308408846725527
0.8138038331600853
0.8008458782787278
0.8100608913608728
0.8296689615931347
0.794220038106721
0.8057303646770982
0.8323999032812592
0.7959500209574625
0.8274708037069655
0.8168363890720508
0.8398501574022396
0.8201524013331669
0.8206801865470214
0.8424075120902217
0.8135957469551982
0.8234861397119783
0.7812123129824131
0.8097342032090529
0.8347228800449212
0.8209522914980122
0.8023770854996947
0.8017249925288311
0.8357156350655257
0.8389213109996904
0.8399788808356018
0.7927713988755504
0.7812797496971798
0.7965171927884583
0.7763392345398067
0.821237432810976
0.8076036018908708
0.8064633074452994
0.7900058701100214
0.8312261179496417
0.813350636163476
0.8291882835212963
0.8373463487648932
0.849506218623849
0.7912551920382767
0.8218793612344287
0.8028559415323979
0.7955833755885522
0.8259559612033109
0.8214953105239763
0.8285196010711375
0.7938416732403402
0.832181807879669
0.8225591201532453
0.8329050632859912
0.813637580492648
0.802496185243535
0.8169033613793957
0.8359214364985936
0.841269377156174
0.8207554165795761
0.7775394887179227
0.8226672524955273
0.8100039446997748
0.8050729500944847
0.84634843132655
0.853543256573969
0.8166853388316803
0.8424797053577378
0.8357153018369889
0.8363143370318035
0.8530723100587773
0.8079175664427705
0.831374748445328
0.784263033677198
0.8279785685335318
0.8532681487677565
0.8067008435282024
0.8355524348375463
0.838215151770115
0.8071418542676566
0.7970674859020144
0.8218802658405469
0.8264488647443585
0.7955332618677902
0.8236216913720394
0.826257590560715
0.8454042875945726
0.8119690705907576
0.8068857112001997
0.8216259933167775
0.8239695760589274
0.7946000088689972
0.8223512339607002
0.8205265556852183
0.8059168782922415
0.8107518553895089
0.7999536926795814
0.8180406278162708
0.8118233178658805
0.806677534661904
0.8106433500601102
0.8325965885749544
0.809922864979483
0.8273818088358859
0.8191628992670508
0.8174105943820175
0.8105030557387174
0.7832151857916891
0.8287591572284618
0.8088878766711762
0.7971785795276269
0.8244229887480705
0.8263924689053816
0.8095179768213348
0.8278857352205293
0.8212455273065107
0.8332471908490273
0.7882904665947027
0.7978114078629277
0.8124309197698982
0.8271968440528686
0.8337128237147287
0.8251450736712354
0.8214981613544132
0.8310686201779234
0.8514318951377609
0.8165647702272611
0.8347774714231683
0.8217818816748844
0.8188006839221813
0.8546246607698225
0.8148478046751636
0.8151795963603619
0.8167969103741213
0.8130841804420434
0.8510178078128288
0.8456535147262109
0.8172236401564896
0.8218588695567309
0.8073136701519636
0.8096111509498678
0.8115783665315653
0.801987302860455
0.8268202932595392
0.8317504684247872
0.7988225824385305
0.7958380551469562
0.8255125177433132
0.8225867490905836
0.8149721525548428
0.8356191653753087
0.8287361242417097
0.8463503225793543
0.8118195681663007
0.8434670510926789
0.8117609122676208
0.8261385463257443
0.7976817973524436
0.8300361985224217
0.8571698235369208
0.8320285692136311
0.8269201645203992
0.8374789886528843
0.8226250046333565
0.827650320006572
0.7995151677451213
0.8141105842007829
0.8449736417984172
0.8176980762288233
0.7996211778481281
0.8135501133485612
0.826029659449128
0.8509408725334211
0.8244399287947628
0.8081011129309987
0.8312160921143444
0.8319936199770671
0.8024430411420141
0.8263331311946638
0.8168983001252507
0.8193374000569122
0.8265525137076862
0.8313913364436996
0.8121643053427391
0.8498788772779943
0.8311092511037431
0.8089254383914222
0.8464535856259291
0.843209126730376
0.8199635322220296
0.8311428756913921
0.8333893946497632
0.8337577148513583
0.8160569955542731
0.803778936311528
0.8020278398309643
0.8239079026394676
0.8235657042690201
0.8065080206110602
0.8358819934923337
0.8015984684018264
0.8267242754531299
0.843153513587283
0.8029661624994204
0.8299880419197795
0.8445234687923786
0.8371906179109988
0.7981563487089802
0.843602346924248
0.8076529263955988
0.8374296798064709
0.8287650979836825
0.8096218117721297
0.8259254786072103
0.805179445982804
0.7738653010220841
0.8109585252859344
0.783284657269961
0.8347366134173289
0.8132411560473096
0.8341199238223963
0.8362738143642817
0.8218744445776374
0.8345255321318051
0.8327603209296811
0.8177598305048657
0.8294161526746331
0.8196765357514719
0.8323094396023792
0.8113535183057949
0.8462306355247365
0.835808882557294
0.8254759596297392
0.804960964994223
0.7963430399808947
0.8151312520406349
0.8511670989889628
0.8086019008437052
0.8142060987037529
0.8266562609482435
0.805363986237834
0.8252488093917105
0.8195172239941056
0.8176678575282784
0.8279170838458765
0.8197694458070128
0.8386521888488889
0.8299315218409549
0.8149915961357147
0.8518235814037867
0.83110330691659
0.8072646492222256
0.8056542665764352
0.8102496184656195
0.8075033978684305
0.8001121184122771
0.8430423043710066
0.8313540637007962
0.8492216945802966
0.8147280590339567
0.8167743047200332
0.8027082935612441
0.8464370128981414
0.8361865269726098
0.8005350534062255
0.8574146873107102
0.8253882252235154
0.8092874317103268
0.8291559062819402
0.8199580706871024
0.8417235108027745
0.7899639203958764
0.8403702839354039
0.8277726701494614
0.8486377109260728
0.8229164002815536
0.8212513994578107
0.8083627508147156
0.8530876833820382
0.8445930963071925
0.7916298845841951
0.8369842958128393
0.7773985040675292
0.8110051358075717
0.7988237704933385
0.8310733491527715
0.827549319490539
0.7909387409461823
0.8068057463420416
0.7984092691162298
0.81132746669262
0.8103975430741768
0.8389009210533933
0.8465033948184646
0.8327453752291134
0.8393829904000183
0.820376142255071
0.8327759418135816
0.8418606047373958
0.8102268003094905
0.8066594643672683
0.8359517955793633
0.7970424120418248
0.8306950432086445
0.8432757062722797
0.8249631237898667
0.7969350315202548
0.8047815909889717
0.8159398522089258
0.8062544149214602
0.8337551701534226
0.8166272804701536
0.7930037294959754
0.8241967122447326
0.8202950594378896
0.8208831614225309
0.8155242979765747
0.8009037838436767
0.8210720858228122
0.7872285675301601
0.8364401084461285
0.795964465343394
0.7935885989478544
0.8102890104299834
0.8040227322185622
0.829618322890773
0.7885356671088378
0.8040132254937479
0.8392273684081338
0.845236738152489
0.8077119243597501
0.7974868490651617
0.8193988041061848
0.8624428410534046
0.8413376448102525
0.8169071130305696
0.8633845079679018
0.8199112611781618
0.8411223595420321
0.8391475782390323
0.8266638666101965
0.8117006605675249
0.808214217769828
0.8375288652513273
0.8426533034416653
0.8121193929236291
0.8273238260025286
0.8393085433696179
0.8022239494382187
0.8277021683569176
0.7998071487065128
0.8300914727817578
0.8393975443280208
0.8000800498811431
0.8217053470498022
0.8176931339230876
0.8176600399301751
0.8120470006183711
0.8316487930782157
0.8195737567502132
0.8062887120566012
0.86525201734416
0.7979177826570786
0.7975750248157323
0.8050469402156801
0.811066205905201
0.8149548699108642
0.8093177784487227
0.8505933386513076
0.8461019522282976
0.8167187695584228
0.8061009004765072
0.8397562388560417
0.8407037702961091
0.7863136988024804
0.8069712850876789
0.8327054168275454
0.8022267291260932
0.8402063805531859
0.7998647245420466
0.8240508318909034
0.8375874998768655
0.8355309816240023
0.785214213292049
0.7864888353697417
0.8369669057875688
0.782719965008327
0.8025109980709569
0.8556538660569423
0.8217975047198168
0.8360962206700832
0.80841640918541
0.8216390772561372
0.8322444718271621
0.8403921675763824
0.8271974767683018
0.839698953911989
0.8532498735255383
0.8384242238688699
0.8318973410404894
0.8320194334322597
0.8373717982960482
0.838532963290399
0.8284748051945948
0.8392442902711181
0.8385248395558369
0.8398828962628867
0.8268158787259094
0.8225323474243325
0.7951140642560471
0.8032332571898992
0.8285262632209314
0.8213559943643645
0.8188232980707875
0.8099688759471875
0.8158119408694807
0.8388992523625369
0.8288712695485423
0.8368026652986892
0.8283617169409077
0.8153574784961768
0.82653924430413
0.8142906218940695
0.8259112658741738
0.7954364271732692
0.836680232676559
0.8495815512749794
0.8396154586462787
0.8340903703542383
0.8316198575114676
0.8207190226132098
Fator de regularizacao: 0.4
0.38552874716224067
0.38552874716224067
0.38552874716224067
0.38552874716224067
0.38552874716224067
0.38552874716224067
0.38552874716224067
0.38552874716224067
0.4141734810701717
0.5172056676981696
0.62154521998679
0.6951795684274016
0.7234930695473059
0.7065333468905923
0.7247315266569119
0.6920757363153347
0.7422968111908819
0.7759704094806175
0.7616777230760257
0.7342005074978052
0.7536866274754349
0.7504028561595713
0.7608619450724714
0.7552775023382893
0.7719045808782652
0.7596320572249364
0.7446149077728025
0.7656269616789271
0.7770410657520914
0.7811920206553411
0.7545279901464209
0.7615571224124935
0.7825971217915404
0.7692202893248863
0.7849671098687889
0.7481806409776037
0.7665503762614019
0.7844338427094859
0.7876710098483319
0.7746495883331327
0.7416623482452969
0.7633673557803545
0.7457417494785916
0.7743679330912445
0.7933071995750887
0.7747741243999269
0.8106213572394054
0.7771733839633569
0.7663156467366994
0.758406428142604
0.7962964283928258
0.7573168724747672
0.7908792189833704
0.767128186063335
0.7868227601454917
0.7911683063707787
0.7739220639495453
0.7738085664314254
0.7618913980837639
0.7655963334640884
0.8023486071768818
0.7953016724240858
0.7872985453844349
0.7778675526365534
0.7811162471231893
0.7953431603212759
0.792986438056867
0.7664933446311994
0.78580267705317
0.7711324375867481
0.7919652540167739
0.7681249994343462
0.7616108356716225
0.7856631929548209
0.7808471643407215
0.7812137051359233
0.7942535560419179
0.7826948741335225
0.782387258156259
0.756453379242853
0.782251243118998
0.7786815463599803
0.7642924753250671
0.7544375061926103
0.7913577726655083
0.7604212555064788
0.8168366598091946
0.7725432695181192
0.8003372194194865
0.780992662072775
0.7906937463311556
0.7914792592505248
0.8012393869435017
0.7989128235901457
0.7844620883443937
0.7673448800610161
0.7681705891235673
0.7903112536351508
0.7678118661189355
0.7915939439039568
0.7756433537165245
0.7630308656167553
0.764997426707953
0.7668564536115576
0.7694297375079205
0.7635323341055049
0.7758028568878244
0.7870900591196947
0.7966422372776816
0.7719987817349576
0.7831814345418018
0.781947824118504
0.7705247601439551
0.7590472722257061
0.791491856821571
0.7741691648808569
0.7772915460628116
0.7944164905342389
0.7941661984235797
0.7828807451838696
0.7633123427648878
0.7795277134042421
0.793302376427067
0.7651782070382078
0.7893606662828845
0.7649484868293932
0.7427955663037216
0.7751949538323631
0.7629584543770629
0.7669827502474085
0.7836620854194667
0.7512030217485443
0.7752252272778588
0.7774108240366264
0.7539995518615301
0.7664214706583128
0.774247294975319
0.7951118551943182
0.7634482355809801
0.8071850120263052
0.7913072538347351
0.815776140894189
0.7717370976323339
0.798235066664849
0.7740192844974001
0.7918401885886502
0.7795412041596854
0.7821760206485932
0.7847473801340632
0.7987765613280812
0.7677147591690697
0.7926668070537898
0.7524584740624048
0.7707832058106872
0.7876195284228864
0.7598274230058569
0.7704151419847031
0.7683720987924852
0.7743495191506125
0.7771125256984152
0.7678560677154022
0.7836082631608947
0.7547421059922137
0.7713136909600324
0.7855399450914649
0.7840818565040746
0.7715025102130365
0.7776810797461966
0.7700335688563005
0.7793659187343398
0.782050914084172
0.783021532290533
0.7896147858837866
0.7713318949697499
0.7627031278269315
0.7680579626632258
0.7937470372218869
0.7957975776777955
0.8074577422027586
0.7689611230461129
0.7807069770696214
0.7662158303706147
0.7851058521127943
0.8050260475485702
0.7843400829453462
0.7816459421766894
0.7991646211909907
0.766073704231599
0.7805187006765955
0.7721120127699075
0.7678157422160888
0.8047541258673734
0.7768595087611877
0.7588314247518111
0.7885591784984931
0.7827555600655729
0.7752949164733505
0.763066139802982
0.7516038690885066
0.7898725902742693
0.7876708314340432
0.7786431163273269
0.7686207193901533
0.7765941669890052
0.7827735467648267
0.7707390396933502
0.7806540902393136
0.7882532027107793
0.7731260407839355
0.7752003755286504
0.7849859790912422
0.7765945333313754
0.7635384298651726
0.7879949723352996
0.7873277912408437
0.7715079072630113
0.7882352721686208
0.794196348302777
0.7793235128235129
0.7679780277857634
0.7708272575389493
0.7975066994598983
0.7796552074446812
0.7831547271295768
0.7786314913524216
0.7573290071383537
0.7988495755601556
0.7644633632327971
0.7685323804853585
0.7834746293795743
0.7676917676917677
0.7601967418659112
0.7809308551081773
0.7940685382435831
0.785765946483415
0.7884863049249532
0.7986880515819764
0.796745100369791
0.787511135206053
0.7528575735154682
0.7649086934522386
0.7550922204599753
0.7571493029381104
0.7693811112232166
0.7820817348894705
0.7576433004327742
0.7805575609168164
0.7724620693041746
0.7723482460066401
0.7890375356427988
0.7925676835425333
0.8010768611786977
0.7842529712278209
0.7912419867168364
0.7703983559309477
0.7921260051740255
0.7726814565081993
0.7876730007180777
0.7758975116542267
0.7830713846778135
0.7808535981248637
0.7879463574212071
0.7823475790983054
0.7761860554937912
0.8049338421171843
0.7705187362618544
0.7934381329823024
0.7694943232020075
0.7633913601736266
0.7905987432490611
0.8131724323239157
0.7894227900811841
0.7637312568691118
0.7768569452247001
0.7724909576751683
0.7964428149147211
0.7708336555698315
0.7587558841178623
0.7834542860921411
0.7873474419438392
0.7933240334131889
0.7854607244599124
0.7852635002909817
0.7756803915956676
0.7754270725838557
0.7723961684936775
0.7772608278339985
0.810662752206518
0.7999739615254813
0.7938114106980936
0.778733934707619
0.7685853541128355
0.7881984506377652
0.7826095452966553
0.793411530418239
0.7795110971689919
0.7818499551726869
0.7676089710826555
0.7654023656918395
0.7910934056752524
0.7758470618950823
0.7803430836658154
0.7799062346939304
0.7767077579965654
0.762462824653311
0.78305796116439
0.7631815545971656
0.7954911419969724
0.7978399686629438
0.7871418382986213
0.7635560334420503
0.7641396695607222
0.7681488707147681
0.7752168946621187
0.7708142139849289
0.7836774146696606
0.7770410289233343
0.7709191150243782
0.7971349923707227
0.791985379108238
0.7826583411906994
0.767837646829593
0.7786197907360072
0.7611331211722572
0.7537350347285919
0.778272740537064
0.7898000813292965
0.7801615691686126
0.7606871372730268
0.7947037110587786
0.7954979046741151
0.7982549849391954
0.7683720315504654
0.7505599382441488
0.7850918754192844
0.7901568252165003
0.7848607295197898
0.7633242207452734
0.7569585490550922
0.7744373063898514
0.7882337036672415
0.7818728714003528
0.7923314832857937
0.7463931174662883
0.772677911598298
0.7620888006669837
0.7668918652538436
0.769207788109467
0.7759463586408563
0.789280751069113
0.7791352129192448
0.7709352507445975
0.7759959535485852
0.774328226380858
0.7825656998533956
0.7835112475153125
0.7945159969535335
0.7670629960754815
0.7903288674512808
0.7998243081242895
0.777990133673678
0.7824886110412427
0.7670949128837203
0.7873726136459795
0.7573709977533507
0.7805908291760525
0.7662947537483982
0.7850930089739153
0.7741372940835508
0.7698193149966371
0.7810682027067238
0.7885928422295854
0.7564632928836794
0.7474965263898327
0.7891699123998661
0.7668768288837711
0.7825357820467354
0.7660898280646777
0.782700136712622
0.7755050667350204
0.785666175381133
0.7788018648565516
0.7720816034419705
0.7548297259028967
0.76129693032258
0.7742127637003322
0.7892303881607615
0.7576352708463391
0.7659174309255385
0.7878297145197555
0.7484648342236045
0.7780018022569062
0.7697055984950723
0.7959230143978642
0.7747600125294464
0.7890403624968272
0.7709049311480493
0.7858778015191181
0.7943009360484854
0.7772788348636127
0.8045315247088469
0.7825572771397902
0.7828558882356829
0.7964743129618814
0.7787864355957823
0.769194148706634
0.7799887244269272
0.7631566191485654
0.7790782383271992
0.7749244235308521
0.8098889093418746
0.7860667502432067
0.774790229669604
0.7886818318408919
0.7961397800532558
0.7789494761267983
0.7860535357308579
0.7779846447353711
0.7758698670610197
0.7695735805291043
0.7677022700321559
0.7861243501312922
0.783110522122319
0.7872820255697213
0.7662406004512281
0.7851801578392181
0.7840281722632365
0.7884688487239527
0.7914998011759578
0.7832427124795546
0.7882585957973969
0.7974989948141495
0.7723884556252978
0.7730988122572062
0.7603950893870357
0.7810687830812684
0.8043173754431777
0.7886017139117267
0.7880564849706493
0.7725226946361131
0.7607711955073715
0.7919487360664844
0.768480459697262
0.7785486521539153
0.764782978623306
0.7788110465590192
0.8011357373123709
0.783770768591056
0.780862256448146
0.7664599006909663
0.8008889993948298
0.7650774850884384
0.7844356392433749
0.786007311330043
0.7567360263412896
0.7581619044719174
0.7631827538611878
0.7993677055760084
0.7457332959827376
0.7775671090795944
0.7781844581171302
0.756364300706406
0.7724371771740193
0.810813391378808
0.7902183787967948
0.7933330046419058
0.7778913488650868
0.7936991133581737
0.7497015323243913
0.7918432414213769
0.78239580377671
0.7870816481331679
0.8007577381185822
0.781022801681862
0.7749103079698817
0.7661420036538228
0.7666603561672983
0.7879290907906235
0.7839426266005213
0.762039781756584
0.7683397290754594
0.7832587063639695
0.7809834160661063
0.7763466860982907
0.779571019066408
0.814112033608607
0.7655484138101412
0.7761909333867635
0.7751377606973344
0.7738348892095861
0.785280011901759
0.7943651875230822
0.7908021490700382
0.7662757435834793
0.7785540632305197
0.7709004353723417
0.7954720629113774
0.7807678658709055
0.7689345461853202
0.7945876291933917
Fator de regularizacao: 0.5
0.38552874716224067
0.38552874716224067
0.38552874716224067
0.38552874716224067
0.38552874716224067
0.38552874716224067
0.38552874716224067
0.38552874716224067
0.4221602467952438
0.5566276577511587
0.629446028781836
0.6872377831839609
0.6594516341322374
0.7192575138752201
0.6812000731153314
0.7159080717904248
0.739213251832447
0.714357501869159
0.7074787917875162
0.7296960009159702
0.7121578447467771
0.7457598221802086
0.7481933363679193
0.7413647911741379
0.7523276215403021
0.756153237442045
0.7561407689039269
0.7542939575776547
0.7342476832476834
0.7444172762440191
0.7393996178719697
0.7437745668271984
0.7423156227886409
0.7517477189838949
0.7501840868019423
0.757755303897091
0.7660417361053211
0.75397639957522
0.7579412620057127
0.7660926493411111
0.7613569415281021
0.7584116059379218
0.770578826815669
0.7383194603802472
0.7474502799378961
0.7448122785023671
0.74706868118721
0.738568901978779
0.7706691565902093
0.7475305549708143
0.7726160642395894
0.7679542658402827
0.7644158880416905
0.7436589180786384
0.7358638251043336
0.7645650423545162
0.7456944539306299
0.764429311555114
0.762020763269225
0.7499926517294939
0.7686525939626069
0.764577337674547
0.7528153631675776
0.7539840230892864
0.7453418665956383
0.770578826815669
0.7600358162193606
0.7561236754914304
0.7746549840622062
0.7450583646636278
0.7679063419765694
0.7473847135069063
0.7581569080188864
0.752039375012393
0.7602585318843342
0.7459435301540566
0.754075092495479
0.7599940623355015
0.7605555494941979
0.7621612382344091
0.7373474940310384
0.7697175484989683
0.7622533343791368
0.7727550265101306
0.758708373827569
0.760345750707729
0.7455221473314941
0.7556612675816541
0.7392717224296173
0.7460377628265704
0.7371406232158494
0.7664997690729398
0.7727531871925019
0.7563041105409527
0.7457682492406011
0.7453596218319737
0.7605448091500724
0.7515726306370814
0.77231554836818
0.7643630014858604
0.7329288936650696
0.7477898035786111
0.7515983313293969
0.748011272748115
0.7492134123714085
0.7477360230774621
0.7510641718325417
0.7387207760960199
0.7340831024788855
0.7523877868754031
0.7387609514526512
0.7437343914705674
0.7539260924963198
0.7517851446528996
0.756418081207555
0.7475339822088065
0.7614253550614445
0.7645786474990339
0.7481195073300337
0.7322239923818872
0.7500598557440664
0.774459740117635
0.7497170754941653
0.7456838992365309
0.7685124885833822
0.7561059127894572
0.7646309686046528
0.7521245771772088
0.7682842920532928
0.7539642538262321
0.7618128750235028
0.7624698070956095
0.7606709255656625
0.768577053328658
0.7624379362983035
0.7457358200246276
0.7479420898887922
0.7602938299196322
0.7594312052528729
0.7477190587190587
0.7571356977935926
0.7724585733073873
0.7659859647344265
0.7520265094995275
0.770755510486576
0.7469162729437969
0.7411921107953754
0.758209296366525
0.7533520846021926
0.7540244439916854
0.7662402959771382
0.7687223985118723
0.7406864835243602
0.7541883235304289
0.7500388364329071
0.7567983541156916
0.747253081208605
0.7600381065234103
0.7659894372994502
0.7490803642382591
0.7634058949183803
0.7603462182672709
0.7569908874119401
0.7684630826620558
0.7565698280009899
0.7520542579213465
0.7624698070956095
0.7646359296053251
0.74512115576089
0.7574294317658619
0.7599844479516894
0.7455348272066539
0.7584962261541209
0.7304769175801822
0.7453997971886047
0.7866231767444909
0.7253856155539226
0.7683479838020609
0.7743861717876174
0.7642237333495357
0.7412369629738051
0.7562976578642214
0.7365445420168939
0.7283977650813094
0.7510967236751063
0.7369783497277913
0.7562070179431939
0.76396764327699
0.7583124509382533
0.7644818142918273
0.7324176886677966
0.7452300155853866
0.765893876130052
0.7672703054692785
0.7603387423387424
0.7433277549316857
0.7466344823129163
0.758496226154121
0.7434333889789115
0.7540745024348696
0.7477417591621457
0.7368388223264385
0.7281626256876091
0.7763295778536827
0.7562870874706318
0.7468797870172441
0.7481867113446061
0.7762693876882294
0.7479004340788681
0.7637958708040261
0.7599756818565883
0.7501564779131928
0.7375201829399032
0.751132741474282
0.7517633845200996
0.7555274365355918
0.7722655175666109
0.743769054460754
0.7330143637505397
0.770349757289072
0.7543093080461503
0.7403612658095161
0.7563861752282806
0.7644062736578784
0.7282884822357265
0.7307760518286834
0.7492395953435261
0.7599262718129548
0.7578060585422345
0.7348065301092696
0.7600915203482355
0.7517851446528996
0.757967463960355
0.766433426943635
0.7437514145408883
0.7553430009585513
0.7596192262619581
0.7555098712460472
0.7748721791478224
0.751833189069365
0.757065893244327
0.7601112896112897
0.7659786786745089
0.7625606254759016
0.7620477561735586
0.763989523962542
0.7456181696584174
0.7629187444494917
0.7621119512354764
0.731587501827344
0.7415838644253036
0.750151951888794
0.7805587539636989
0.7413108099943544
0.7602156520577574
0.7685173594714365
0.7579059639704147
0.7723676830518936
0.7406327702652311
0.7328539782736986
0.7491468335994139
0.7603942626837364
0.7287413588446234
0.7410702396503954
0.7476777184138944
0.7499426284682781
0.7371987485658373
0.7497820055387207
0.7618349447742594
0.749035994930167
0.7703328750492443
0.7536961371363965
0.751758542380735
0.7557870424705868
0.7659682094980911
0.7660777539044968
0.7685652028203069
0.7518554806648273
0.7543446060814483
0.7658826801290641
0.758152527533434
0.7565148746370672
0.7409282660520697
0.7687576965471703
0.7518851098574617
0.7391221441097603
0.7430202755337056
0.7472827342756252
0.7563705311395671
0.7553254936405189
0.7436890967417285
0.7599007664652172
0.7563721697662406
0.7623192606292736
0.7726338194759249
0.7642604321939702
0.758042937352284
0.7476758329120089
0.754201861432927
0.7492855468251284
0.7455217133111871
0.747539358474343
0.7679974833248924
0.7477666512923009
0.743651049018804
0.7497667223122448
0.7575493152854913
0.756153237442045
0.7682409841276672
0.7644960984960987
0.7522052047052048
0.7497006383790723
0.7559859272959402
0.770918424224586
0.7496610882650191
0.7619946009149874
0.7655603880867039
0.7645524455443918
0.7431076138970877
0.761914016243902
0.7641918335339388
0.7558784600620043
0.7405695037537143
0.7562953568479885
0.7513931779733336
0.7509684473493538
0.7434783013980216
0.7431185806641032
0.7514762492270233
0.7521686289054712
0.764305683647789
0.7509248712926262
0.7475240991222533
0.7409539876908299
0.77269270594781
0.7526891259508532
0.7416510684398759
0.7768370830505089
0.7518449259707284
0.747480260419575
0.7430504388525121
0.7649656324007814
0.7601798592530301
0.7564765315291632
0.7432045848757454
0.7405179652753466
0.7318314601583281
0.7615792772628216
0.7595477968204966
0.7592111329795028
0.7542172119014225
0.7476304864725918
0.7475355990079509
0.739249538289786
0.7492244745139482
0.7601843527552463
0.7562504444288785
0.7424950601179191
0.7492029712842974
0.734773307376572
0.7555659576846511
0.7363464180182449
0.7337625386930343
0.7619160778547263
0.7601887273350689
0.7559455192006233
0.7450729622565067
0.7341918486963943
0.7684369479494333
0.7422306095516109
0.7641699528483867
0.7327785048817695
0.7347615102345284
0.7641719437181325
0.7581535249956304
0.7665297052402316
0.7581164871164872
0.758148480958494
0.743396430869449
0.7510172243405029
0.7349247037121789
0.7285979597646313
0.7346214556740873
0.7515560751263025
0.7631355701355702
0.7602676952070098
0.7478923056284816
0.7575501944368774
0.747248279984456
0.7726875999770738
0.7520265094995275
0.7197301056124585
0.7435617025617026
0.7747568577693432
0.7664115172397921
0.7538882791719763
0.771134577889682
0.7563657601019361
0.727569953223662
0.7436594760791964
0.7486008735614096
0.7601887273350689
0.7743926462019929
0.7431087292646253
0.7730759223449233
0.7584264888468754
0.7543926504979137
0.7641600666718859
0.7473238035775752
0.7588804506398873
0.7517066215926385
0.7621649954743421
0.7475523151036143
0.7444954024385423
0.7452525201385369
0.7530304538587287
0.7449532972610329
0.745533352770195
0.7515202662564422
0.7580075257099982
0.7537279254763872
0.7580161773970838
0.7687006383790724
0.7706705487437195
0.7477277537001056
0.7458686147626855
0.7469520787169491
0.7459705588119979
0.7435838450042315
0.7469969911360592
0.7550757921745144
0.7476526806256987
0.7431254453602889
0.7498422629461937
0.76409633916951
0.7515961674785204
0.7406391398892478
0.767527694364023
0.7542786798313115
0.753586724159895
0.7377876978456313
0.764278265238119
0.742305748537356
0.766346050577116
0.7695282329435089
0.7643276362085426
0.7558892517717691
0.7600466079291254
0.7555338734016284
0.7357304874550898
0.7604736124472968
0.7684241422129497
0.7483897611491976
0.7660502817257722
0.7645432822217162
0.767972061129956
0.7537107522633839
0.7555072421111729
0.7408914847468557
0.7608576821647516
0.7481112379526771
0.7458333167273874
0.7540907076959709
0.750092616934056
0.7582085832612149
0.742980219717062
0.7496829307268422
0.7595194255976087
0.7478818997233387
0.7519905862216518
0.7681619419104037
0.7493783873902065
0.7435569740293259
0.7556854589304564
0.7642002420285168
0.7583207875576298
0.7302666478325451
0.7475585936112253
0.7627493570914624
0.7514544890942234
0.749917111095545
0.7553188640693997
0.7522685941100333
0.7486500857875428
0.7638027014985316
0.749917111095545
0.7663325065109404
0.748202627391942
0.7553583794385351
0.7269159963258733
0.73681493774859
0.758169391222023
0.7513621360463467
0.7535076872194217
0.7438866777807485
0.7746606423390763
0.7596328621380388
0.7682011721200139
0.7499177363381229
0.7565550148117299
Fator de regularizacao: 0.6
0.38552874716224067
0.38552874716224067
0.38552874716224067
0.38552874716224067
0.38552874716224067
0.38552874716224067
0.38552874716224067
0.38552874716224067
0.4046215757922361
0.5179059638195698
0.5526492351233754
0.6375675166853997
0.7006094928395712
0.6906544008756684
0.7081600301741777
0.7396091688979765
0.7326135298629716
0.7150349349679209
0.7292797897635832
0.7066116920314123
0.722956692060623
0.731457683324772
0.7500847478742216
0.725152510188269
0.7366211160561006
0.7348065301092694
0.7389967645242885
0.7392247372760365
0.7357586333245306
0.7330910845181222
0.7542172119014225
0.7539853887164543
0.7060524671842618
0.7561613658924313
0.7459622894346414
0.7321362066290977
0.7539162094097666
0.7578451138174657
0.7432508486705689
0.7380780955336192
0.7500092072402728
0.7563106345943317
0.7728010820379243
0.7498059573585889
0.725699187918491
0.7512250130934343
0.7348812099844746
0.7196320548814965
0.7579534247955302
0.7501200459095198
0.7349061021146299
0.7371392906919223
0.7481112379526771
0.7258409882607086
0.7539379695425665
0.7387129070361856
0.7513277642071386
0.7447574805570635
0.7416426413794837
0.7438596491228071
0.7391033439126906
0.7454077426445849
0.7386188320467075
0.7325337699534902
0.7491220170080338
0.7393725892140284
0.7408448324839005
0.7624261295840244
0.7432480113614298
0.7414001564514556
0.7475355990079509
0.726114133680031
0.7299904753582303
0.7471979350802881
0.7472248180801891
0.7292290830952295
0.7475828760764334
0.7438098648624966
0.7229067284630264
0.7542774020668759
0.7575912929912065
0.7436659444554182
0.7802110978324119
0.7313764171760001
0.7484770630962583
0.7560058542420303
0.7435491049694913
0.7323669939335575
0.7543214537951382
0.7253815387996505
0.7228379604571555
0.7283889696910429
0.735911869520799
0.7351231369119444
0.7283685670923592
0.7285686699357586
0.7488640728861601
0.734739326094697
0.7639399810797153
0.7602925873371651
0.726052314894296
0.7603693705535812
0.7454068989004561
0.7320825445130401
0.7515075775478254
0.7286585227637861
0.770557066682869
0.7383421457824053
0.7409416656911073
0.7260338182832599
0.7385846307104331
0.7298804277183045
0.7370398654801249
0.7438098648624966
0.7684547031857687
0.7345688492523937
0.7435433688848081
0.7328552043275562
0.7300282772118216
0.7497903421580971
0.7320616676808629
0.7468386421765189
0.7448699761962524
0.7434570088247637
0.7470893559835281
0.751943819569622
0.7580875987454936
0.7779538365356833
0.7273275030294164
0.7478332300642956
0.7327639186462717
0.7407777195857339
0.7414834989032192
0.7449981744981746
0.7328222210833804
0.7518350745712505
0.7520038090564407
0.7498152342882524
0.7302866820754896
0.7453763379276372
0.7167167201348319
0.7341307397191301
0.7239085358415218
0.750007146848586
0.7517639186462717
0.7393811941180364
0.7496864472793267
0.7390081734431581
0.7556612675816541
0.736744166980343
0.7542467738520371
0.7480344250344251
0.7532484183858754
0.7411710367236684
0.7348767586655661
0.7324281522454898
0.7561838656568838
0.7474856690895999
0.7429453362679487
0.7278879578430237
0.744746098568711
0.7315564566068135
0.7314507307008385
0.7500811483173242
0.7347144339645418
0.7329572369324001
0.7207939914355552
0.7498786810628917
0.747801949327599
0.743045701790033
0.747313896616636
0.7563874529927161
0.7539642538262321
0.7452965943573813
0.7663997105255129
0.72985881952998
0.7349918166103455
0.7557866361149109
0.7645100106152739
0.7742504338849123
0.7538919269445585
0.7598877275069227
0.7334374380060569
0.7394747969610735
0.7391492638841074
0.7556395074488542
0.750047322205217
0.7491344373961647
0.7410115871168503
0.7363690361783829
0.744869919627301
0.742891141180615
0.7540519402091688
0.7619409699848816
0.7387962494879491
0.7411519354387444
0.7474629686465131
0.7351720748556192
0.7421707742628894
0.7414778215304533
0.7301661708578705
0.7579121601490023
0.7294595620174954
0.737290844710565
0.7434941132705368
0.7657664819500264
0.7579743677105436
0.749842195704174
0.7560090795822504
0.7393917488121353
0.7581665224026983
0.7263425560261003
0.7351418961925292
0.7342561425947282
0.7519065164085716
0.7554930324456127
0.731713940652589
0.7558975883911456
0.7548280387213451
0.7494241496785875
0.7367482006181698
0.7455602622964382
0.7645432822217162
0.7359884017245777
0.7249797561997255
0.7079829184026386
0.7349648790688098
0.7495995882750788
0.7285482698503432
0.7449532620790645
0.716168460253997
0.7475996397562021
0.7538550202221088
0.7023068914873871
0.7212454807203732
0.7252739488466691
0.7535327251571952
0.7521917811917813
0.7237263492525409
0.7597417174778934
0.762424363213837
0.7517794085682161
0.7137670711974874
0.734368112869661
0.7473213833720165
0.7521297313132757
0.7584962261541209
0.7129956939813116
0.7326305529332924
0.7411311097496387
0.7369111457132189
0.736439722873375
0.7115305720622067
0.7452262583454535
0.7165107787300818
0.7451813459263434
0.7394750912638989
0.7268946582075068
0.7387279894641654
0.7428964097057563
0.7480593171645804
0.7400524563791994
0.7579815046043634
0.7532353044904087
0.7409915670190911
0.7616515607217881
0.7342185763751388
0.7410237328658382
0.741640513745777
0.7382197956395159
0.7453007972936883
0.736192719384419
0.7067604374966134
0.7197964744130048
0.7509521844915276
0.7357320967138807
0.7561701288975847
0.7499267254793571
0.7315067205732841
0.7666271632529658
0.745047247829876
0.7517112484597102
0.7515716903267944
0.7499267254793571
0.7475394495907488
0.7392390747120927
0.753789349355913
0.7272352835219038
0.7469738506493412
0.7499537541372985
0.7431920241322836
0.7557836177245434
0.7517815369840095
0.7436843682093517
0.7367477337340175
0.7367219594581355
0.7516341306270216
0.743667745456553
0.741605215710479
0.7451119031237223
0.7458431646319722
0.7302033396237262
0.7448149513107227
0.7522838773365089
0.7534339368338504
0.7476304864725918
0.7560339717124057
0.7486488355692221
0.7474236110991017
0.7445826433393584
0.718538484893856
0.7584071476176739
0.7448579564361395
0.741155467753622
0.7579538588158371
0.7262052811382671
0.7456838992365309
0.7664214706583128
0.7455439074642939
0.7520143637505396
0.732788810776427
0.7454584373788239
0.7299271241918301
0.746972473222581
0.7541883235304289
0.7531762953226369
0.7458333167273874
0.7236676056025901
0.7386386013097619
0.7432259361609208
0.7370928758816835
0.7536822475426147
0.7448114347582384
0.7412670261867464
0.7624345090603114
0.7307299218858181
0.7513535520773441
0.753713274595792
0.7432960332873133
0.7640638587072568
0.7520874194288586
0.739082059869535
0.7595732060987576
0.7326883233211106
0.7563202489781438
0.7206670604625192
0.7299602294531204
0.7500847478742216
0.7435320818991705
0.7343063895558313
0.7435484797269136
0.7218518168796287
0.7450242583920132
0.743286126326374
0.7413566627237513
0.7279956141515103
0.7326165240888759
0.7432750400193713
0.7562722045616783
0.7370133709483555
0.7217573373232347
0.7497276670370138
0.7414255154657632
0.7320101067877387
0.7337299332687408
0.7370398654801249
0.7415754373649112
0.7572985360025214
0.7278603509116502
0.7314503017929491
0.7278018094736363
0.7319635177202328
0.7428702631935418
0.7300531166271692
0.7519663193340742
0.7501213236739553
0.7409805632833028
0.739382995119171
0.7491427067735215
0.7316261692973297
0.7283889696910429
0.7368981225173177
0.7263944768141971
0.7450545769888954
0.730388626124802
0.7557994295970587
0.7265872909543797
0.7480191418079494
0.7558585331159144
0.7332626693082188
0.7330480184677388
0.7461318332291496
0.7382369786193317
0.7272342806004269
0.7477334897847889
0.738922828764268
0.730065548432637
0.7449704089603564
0.7456486012012329
0.7705417624101836
0.7514940252477968
0.7500175438596492
0.7324883424109432
0.7534895171730616
0.7316315296812204
0.7603999987684199
0.7475156720618609
0.7218829474488448
0.7495027393054787
0.7363475333857825
0.7287256847783165
0.7395500066552699
0.736509387277757
0.7341315432500721
0.7273335982063518
0.7453139363578479
0.7456537205734408
0.7454741029150286
0.7277476132314067
0.7347753438938728
0.7131038757901853
0.7476577914678044
0.7382046528630897
0.7580898558260317
0.7412819216233608
0.7564782713730083
0.7644729462097885
0.7496823723081747
0.7431307661833978
0.7432558579306823
0.7638076775183053
0.7506682627863537
0.732040790629181
0.7494731101128445
0.732161632885425
0.7451518021430821
0.7493197028472268
0.7476277884955433
0.7644317451159557
0.7253925679467477
0.7433277549316857
0.7304756915263246
0.7480191418079494
0.7301152192204825
0.716607815633341
0.7432100053358077
0.7726421989522119
0.7530978719195395
0.7368092016639065
0.7190874753270737
0.7688025473757183
0.7521080509501563
0.7455828716231194
0.7463994270141332
0.7434481142048293
0.7320616676808628
0.7300385197746958
0.738779171726416
0.7370566291598937
0.7459273917168655
0.7472125308880214
0.7496512283354388
0.7477777769613214
0.7522166733219365
0.7534790942270893
0.7512192770087508
0.7328158394343683
0.7166351786842031
0.7306521984936376
0.7220203383224115
0.7542421040315779
0.7515075775478254
0.7152736152066012
0.7367350867227029
0.7351297629712021
0.7450072326783932
0.7536409828960869
0.758118477986233
0.7303780948130794
0.732110594243055
0.7364620144688374
0.7404059432786969
0.7555398229720286
0.7367123684566996
0.762797401507928
0.7583688319740952
0.7327658161731525
0.7600529894323639
0.7385699054845153
0.7619728407821874
0.7580953256999228
0.7217109924677075
0.7127006088324034
0.7431333881729698
0.7519723201507541
0.7454910850963483
0.7687883247620091
0.7597070842884104
0.7345063883084615
0.7449361246196691
Fator de regularizacao: 0.7
0.38552874716224067
0.38552874716224067
0.38552874716224067
0.38552874716224067
0.38552874716224067
0.38552874716224067
0.38552874716224067
0.38552874716224067
0.39028837832812646
0.5339169371251522
0.5850578752920464
0.6023140749419911
0.6949177856027703
0.6913275056315434
0.7127651235701583
0.7209775047663124
0.7322096430117162
0.7117080078973663
0.7105252030260849
0.7036491663735005
0.7169017551753253
0.7233540233416396
0.7337918105286528
0.7206639978757325
0.7438264876152951
0.7053518522671105
0.7063838636031667
0.7258319313854449
0.7038311952794455
0.7282015555562603
0.709526199208135
0.7101331110154641
0.753179722560629
0.7383443525104025
0.7011220260978004
0.7269917312192942
0.7027854700155485
0.7428702631935418
0.7540609293504031
0.7391486386415297
0.7495591442157066
0.7235178859153791
0.7410040251875696
0.6970639243498784
0.7189153753636257
0.7189140263337466
0.7217508361179249
0.7211829646677274
0.7499267254793571
0.7306879977912624
0.7349147646911883
0.7011398638403017
0.7549075380559483
0.716458857941985
0.7055863067546138
0.727785096021272
0.7431155063392985
0.728669035457843
0.7291125123120439
0.7236098019105428
0.7281532189958663
0.7030049702366841
0.7302527152276077
0.7345630053524792
0.7279228092613949
0.739216376782274
0.7479004340788681
0.7317551578466066
0.7173718531080291
0.6999824763917774
0.726028960396049
0.7167329103514393
0.7412254921465449
0.7085631140619972
0.7346280817333449
0.7235690122008067
0.7075842343533155
0.71865605830534
0.7437592836007227
0.732945402945403
0.7243209994775619
0.7093861076663022
0.7330662845386364
0.7364754800976728
0.708107044103437
0.7407293271497137
0.7176048231707205
0.7393152678678995
0.7522685941100333
0.7618913980837639
0.7450984877222915
0.7215444313604366
0.7412060251410098
0.6974244831371718
0.7403545054737005
0.72590983559338
0.7296344583195508
0.7121927387873903
0.7340893736251324
0.7239524964533783
0.717209699459141
0.7326950713136002
0.7445253995335548
0.7234251206745623
0.7126046054992182
0.7501951189839265
0.7401485754417155
0.7491060681821735
0.7345361343775736
0.7344709092077515
0.7386718495338278
0.7416505104393181
0.7279523559399721
0.702128417377859
0.7077157990651599
0.7349120567008642
0.6999359210442282
0.7409971187940816
0.7426857452748019
0.7435089296128604
0.7479987392092656
0.7122802246349295
0.7273232683015979
0.7282036831899669
0.7186695751527024
0.7540444642806403
0.7229864883725077
0.7196543550070611
0.7148753733236236
0.7248012643335652
0.7342428293087266
0.7002027869052422
0.7279745400798033
0.7019542539512053
0.7518906882591094
0.7162168474669552
0.7360832930388168
0.7371755962795271
0.6857287918802358
0.7372532613585246
0.7342776767990978
0.7214580791292396
0.7117893873281949
0.7434245796087902
0.7298984413263169
0.7102443303475949
0.7306051222236511
0.7359659521560408
0.7027736572526603
0.7240293039622899
0.7407204325297793
0.7345459822821583
0.7367045496242699
0.7304294474888948
0.7537173783226416
0.7362769385495394
0.7522205496935678
0.7261467397002532
0.7224124922779724
0.7004393311171428
0.7369378975564265
0.7238037509881771
0.7515983313293969
0.7452042413095045
0.7292948244514138
0.7457145274513696
0.714250388354585
0.7143170750519455
0.730820120503665
0.7477730398988423
0.7216949778267724
0.7379098414150533
0.7523038921453313
0.6980916878566449
0.7136327866204029
0.7451513429540825
0.7078105132410089
0.7234565253915101
0.7258273199207412
0.7415236742598502
0.7392408757132276
0.734844019831636
0.7345181252098248
0.7325130424076551
0.7129464825620633
0.7494030073227276
0.7282707960881336
0.7259146934805909
0.7537938592668774
0.7261027790883967
0.7367621348147665
0.7536591790269339
0.7169056186944263
0.7304690485203478
0.7208667755160573
0.7352422617146136
0.7455788051820698
0.7500092072402728
0.7257039164508677
0.7351501655698858
0.734877843430475
0.6976778691676475
0.7343418044676069
0.7118421311749572
0.7174977096561465
0.723310346477018
0.7266321872896243
0.7467926734762178
0.701709627636602
0.734753707741324
0.7388979366341125
0.7499707772076194
0.728331773751494
0.7008163472994745
0.7298508070557724
0.7425307395528268
0.7074847325036434
0.7402737069593066
0.7561854121240605
0.7147697974409579
0.7238439263448082
0.7306300143538065
0.7213801695119642
0.7389381119907437
0.7437245435659827
0.7264289419948393
0.708094488208528
0.7517118779889678
0.7601349468339199
0.6969730569577053
0.7126735801744621
0.7039404492587498
0.7535549256362517
0.7191163359051436
0.7276805668998699
0.7298918421111452
0.7422122994046653
0.723350521833649
0.7319556571905007
0.7435844030047896
0.7345861576387893
0.7251136627972639
0.7436573395514102
0.7192763937895352
0.7369719525911478
0.7281786999434059
0.7173661449443018
0.7493207977594462
0.7334815213946272
0.7479972672860749
0.7383176524856564
0.7185841284496085
0.7536081746747383
0.7522205496935678
0.7454077426445849
0.7238778753502272
0.7075864460128175
0.730053741869747
0.737326142745863
0.7576066477463821
0.7282043795714683
0.7168924719957366
0.7404228173154574
0.721650909151791
0.7164126886621303
0.7619946009149874
0.743592272064624
0.7041264176800122
0.7274990671381352
0.739382995119171
0.7318549220625948
0.7349647879524042
0.7456272499160574
0.735039794460181
0.7080848624519511
0.7163898971368485
0.7367477337340175
0.7082047644138341
0.7552147676540824
0.7099156147559873
0.7119485546304904
0.7129102238958414
0.7173496495340757
0.7407066267066268
0.7383812524553051
0.7142344360320203
0.7444454843197835
0.7418820052578077
0.7369500433054144
0.7433470138996456
0.7218619893628713
0.7415838644253036
0.7235440877941957
0.7448033408553063
0.7216603725304227
0.7327138953850559
0.7236589430260317
0.7254382139908456
0.726117674525011
0.7188473803197322
0.7431598684676042
0.7498383865745625
0.751482151291498
0.7280417321602611
0.7319687844550682
0.696101849528221
0.7435079220605537
0.7238325806213882
0.7307925758452075
0.7169592126575707
0.7415131195657512
0.7495813446947632
0.7435235875967583
0.7459435301540566
0.7412749689994274
0.7107633118951064
0.7325402631990399
0.7068584440428702
0.7348872780431742
0.7282621335115751
0.7532958846476332
0.7393811941180364
0.7476125052690676
0.7414255154657632
0.6989893404375908
0.7095483739271197
0.7388042096641894
0.7147059295219274
0.7478847685426633
0.7517851446528996
0.715240876372671
0.7281377335574538
0.7132403132265969
0.7191880046077249
0.734638078426886
0.7357996511549144
0.7398308114815342
0.7404435840101475
0.7236175823413744
0.7281024355221557
0.7294201872279255
0.7369732867081302
0.7447035177561494
0.7316517687470695
0.7477190587190587
0.7217366097773995
0.7258409882607086
0.7367730927483251
0.7138544796044797
0.734844019831636
0.7123425841313916
0.7087561564273169
0.7188292253443656
0.7056798307938708
0.7281024355221557
0.7141540381304786
0.7326296707875656
0.7283286575923575
0.7022446751158004
0.726859662249812
0.7283056272392795
0.7328992730025375
0.734639427456765
0.7432045848757454
0.7408455332652536
0.7493510865346309
0.7283889696910429
0.7308555673279191
0.7186500546997453
0.7301516876141962
0.7273762880873564
0.747369149552694
0.7208213048274615
0.7281182131044968
0.7164618660125259
0.7454615231457338
0.7387279894641654
0.7256133752560328
0.7521628928207876
0.7098917022571825
0.7235254861966467
0.7255493792743796
0.7302186257721393
0.7189695048197207
0.7144971681968586
0.7285020239217441
0.7273379037176422
0.7412580370455122
0.7394750912638989
0.7447286264326469
0.7256909997949306
0.7136933099361371
0.7430401500150425
0.7412126512002674
0.7312855590254013
0.7298918421111452
0.7186934876515073
0.7275574627685311
0.7273234838608781
0.7371840233399195
0.722995382992442
0.7391574421450583
0.732869929553474
0.7385515414037559
0.7135462960756909
0.7368607879647188
0.741099062843394
0.7459103686465446
0.7438164909217542
0.7415755950479468
0.7382968510535661
0.7364063483162253
0.712921317288406
0.7369128834930392
0.7267682375781076
0.748011272748115
0.71276443083121
0.7071231821446087
0.7496031048275631
0.7367879090906485
0.7432824602028467
0.7454074330266283
0.7141282678028508
0.7347624783810073
0.7226575589126656
0.7106080652245955
0.7493157809589795
0.72599433145684
0.7036885203862122
0.7324629833966355
0.7173331755702334
0.7074659594530172
0.7437745668271984
0.7140141412626406
0.7322002706101476
0.695188296361619
0.7106251299922187
0.7240014648409053
0.7436240203608626
0.7035560486593132
0.7449973138073267
0.7127722636648777
0.731637533286815
0.7206728634198147
0.7386723170933698
0.7170840734511621
0.7390694128582205
0.7539152690994797
0.7432310794075148
0.7277569293309819
0.7123917944408189
0.7207962668896882
0.7318185926922256
0.7344449203785726
0.7281202496217978
0.7325732325731084
0.7367690177771731
0.7287439928492561
0.7088625394049494
0.7367872838480707
0.7296509517175153
0.7283037654622022
0.7115314542079335
0.7346703822362797
0.7300363280876273
0.7435703975427493
0.7370278437113881
0.734889872561033
0.7165139363299414
0.7191526477426736
0.7391348328183772
0.7408793156154916
0.7368712515424121
0.7284013059262893
0.7172109121438981
0.7012909277391781
0.7276774417959707
0.7263722926743659
0.7371828070024687
0.7274471448659228
0.743994057151952
0.734638078426886
0.7392622269984029
0.7088185159237792
0.7414564702452777
0.7304978339688534
0.6856499904348627
0.7339440968388338
0.7477198846402711
0.7542774020668759
0.741460346616909
0.7410551022315376
0.7395098312986388
0.7298597016757068
0.7390013759889922
0.7235005940664914
0.7352922849758293
0.7451164689258156
0.7315683351789002
0.7302599889441995
Fator de regularizacao: 0.7999999999999999
0.38552874716224067
0.38552874716224067
0.38552874716224067
0.38552874716224067
0.38552874716224067
0.38552874716224067
0.38552874716224067
0.38552874716224067
0.39028837832812646
0.4545969610100046
0.6120818027676882
0.6195654181764377
0.6742374313375039
0.6563300161720242
0.7196110967955229
0.6960348129484357
0.6964586986539002
0.7112068622340079
0.7077324732983706
0.7164282273076393
0.7024939080363181
0.6932722092425992
0.6986770245380157
0.7196332809353542
0.703452620185189
0.7116985074413347
0.7234644267379968
0.7005843836562027
0.716681362452225
0.6949506118305335
0.7239005756652815
0.7271355904690827
0.6982209275880432
0.6916138977913446
0.7163152009041333
0.7030739310418209
0.7070335634500666
0.7053274416402902
0.7160098985098986
0.7143421654355867
0.7191147982732351
0.7136697351179855
0.7102865227874047
0.7097897582078699
0.7165517451160339
0.7139504690675578
0.7057601620730106
0.7049831642918887
0.695166740704464
0.7083160968382268
0.745860187702293
0.7261737683581945
0.7075278294430877
0.7118231750450188
0.7123812750632108
0.7085349486489886
0.7346302093670516
0.7278126896122725
0.7048120303779277
0.7295677001248773
0.7141832754564182
0.7195571394901255
0.7125154033656191
0.7342856892733055
0.7358031588215278
0.7248925373763309
0.7255717937384653
0.7189493243690446
0.7370487601000594
0.7115056799320514
0.7143481593588106
0.7343606957810822
0.6988309776079433
0.7240943714490763
0.7059464492850349
0.7311567818067297
0.7100500512167228
0.7111211002463442
0.7167704348737264
0.7302374498435948
0.7048774297299472
0.702890602574147
0.7283352479018115
0.7298295154179057
0.7260193455202274
0.7014679412203444
0.7306464883176489
0.7299960849969669
0.7036728463199052
0.718946313196421
0.719939149306238
0.7122260283927
0.7172477054847632
0.7413108099943544
0.7245128594341205
0.722919909600513
0.6924186485960955
0.7168768630451701
0.6933197855901367
0.7083272722504149
0.7053862481797083
0.7275236942884002
0.7130624051684812
0.7146543534227232
0.7112043278228567
0.7342814651492201
0.6968879704946576
0.73056494686702
0.7026606030219591
0.7160309953964756
0.7234155296731266
0.7152676606203667
0.7079216664859553
0.7192935387930882
0.7104628435296226
0.7213324690036295
0.7176501178995596
0.690063446377471
0.701207682204075
0.7074220795775754
0.7150460451493098
0.7116218451049723
0.7048824304140651
0.7395566327145275
0.7358630274325886
0.7131165703441332
0.7113258330308039
0.6984783681035482
0.7083093004677373
0.7146843273554879
0.7058054568018497
0.7209408060732668
0.7043634501876631
0.7063238862568723
0.7142640566945524
0.7147566701763906
0.7474836782198542
0.7363559128620696
0.7165107787300818
0.7052135963802679
0.7038075153330408
0.734053382606896
0.7039146288476148
0.7261125050597493
0.7393167423043585
0.7365047669777851
0.7121405583072299
0.725701463372624
0.7106883965037354
0.6865713316270072
0.7227885223325409
0.709864431032738
0.7318778558473541
0.7282576821926667
0.7153032358691332
0.7158764304526148
0.7171262658909718
0.7294979399284356
0.7224059642285766
0.7059880160923029
0.7142903889709923
0.7261323997509287
0.7084856212099553
0.7259357675522978
0.7111105728656795
0.7100447263895879
0.694088871253571
0.7079864174222837
0.7102971514654584
0.7109891726088774
0.7390472287183892
0.7029634948422407
0.7061386300086803
0.7118969937373663
0.7370991153352913
0.7197839185180958
0.7142606771920545
0.7056611481620301
0.7149574421158789
0.6918605299320724
0.7182714243861306
0.6933583805884591
0.705419537785018
0.7158758443588921
0.7204578651398009
0.7500056749253952
0.7213019388376976
0.7069520851047892
0.714644171432979
0.7300258310660789
0.7104317444823776
0.7059268570586517
0.7283719491081251
0.723759701747318
0.7173602042281747
0.6989203657623468
0.7108431351657475
0.7295253415919051
0.7105215154972898
0.7352020863579825
0.7097629406559448
0.7232662375888499
0.7147697974409579
0.7085060515338635
0.709824782685257
0.7409722266639263
0.7013612305821691
0.7256010978505395
0.7140912422011579
0.7204993689926303
0.7033033281009123
0.7045176891950369
0.7181822826542341
0.7236676056025901
0.7143983366258995
0.7152138477147296
0.7242395737099269
0.7260193455202274
0.7038311952794455
0.7146606055837482
0.6984820211639571
0.7088120121054975
0.7077738588264906
0.7178474848546781
0.7076222010419482
0.7059000589408487
0.7582374451058662
0.6977085508859978
0.7127541419937403
0.7091772945126611
0.694377323616922
0.7086046772121027
0.735820295926003
0.7211486560432687
0.7257022544019449
0.7127117190137923
0.7146241371900345
0.7352173695844583
0.7172740487995741
0.7427710653369626
0.7412876577080442
0.7209843808352628
0.7069095239723725
0.7039026119539112
0.7169947011791273
0.7091199733071839
0.708228444360239
0.698732223701722
0.7125339138467623
0.709335445071621
0.7161416067382568
0.7196332809353542
0.7209336861010238
0.7381627620881474
0.7191410394332693
0.7187439518456079
0.7124624860932747
0.7052251860129269
0.7021646640996486
0.7205514117139591
0.7139434454224485
0.7036171879256335
0.7126550696933188
0.7414564702452777
0.7152525252525253
0.7149649943102311
0.7054684080058022
0.710038286351135
0.7198374153170846
0.7035090834848579
0.7320342625797852
0.7328159305507741
0.7034103295786366
0.7274327068676915
0.709315477848383
0.7218895735081025
0.7120921390271236
0.7279523559399721
0.7080395677231122
0.7052476006965172
0.7191766170589701
0.712138790135183
0.7242213675174145
0.7153243099408402
0.7046860754289026
0.7101409018734707
0.7043611991911717
0.7030190105564047
0.7389876168736336
0.716487913671458
0.7191880046077249
0.7399594159675713
0.7100976436619325
0.7196170375116502
0.7320995675833609
0.674452047269466
0.7282621335115751
0.723696415801679
0.7345477544024592
0.7029741986520104
0.7187433783824464
0.7125900022065325
0.7182200766285134
0.7111662800999323
0.7090772122404259
0.7320096561932006
0.7141727836517868
0.7191891749661407
0.7076443851817794
0.725580063115822
0.7098917022571823
0.7262415303587197
0.7215250387335665
0.7253545619211256
0.7185035123030952
0.7301516876141962
0.6948236802541758
0.7214991366315975
0.7433380417051303
0.7089711547073307
0.7235232107425139
0.6856124917346231
0.7012641455037438
0.7286441433276878
0.7054089830909189
0.7198557157380687
0.7370694946727593
0.7013743613073473
0.7353442057639261
0.723477041462659
0.6880007665223479
0.7126735801744621
0.7120993033087631
0.6935204971279226
0.7077120561384277
0.6981965637838876
0.7168915783747055
0.7106080652245954
0.7081211742894812
0.7099573182067868
0.7151479891986222
0.727666078674234
0.747917197758637
0.7258351224139457
0.6966973788925804
0.7105514898880768
0.7201409428771189
0.7212805482155329
0.7146568171942114
0.7165763946796861
0.7140843564498367
0.6944423048523619
0.7252795947503381
0.7377198873897083
0.7231986512645486
0.7025848038868772
0.7057244886575015
0.7388796830561184
0.7065601450083953
0.7211348462673071
0.7414124015702963
0.7283370489029463
0.7080321287120659
0.7168514030180745
0.7145407429588546
0.7233591247628987
0.7297105412479354
0.7433584497131546
0.721417504064563
0.7449532620790645
0.7142692865615166
0.7234056002216054
0.701046382780587
0.7324005436642437
0.7410639968514721
0.7051159411874838
0.7127125100431133
0.7425974331509466
0.7158114881250028
0.7168474066531075
0.7346257794351261
0.7153539306033723
0.7236274302459591
0.7236724634898011
0.7020808471948872
0.726026823868263
0.7077954897065969
0.716298233528312
0.6997297558333764
0.7012672477927732
0.72350574568929
0.730444178746252
0.7071132887384689
0.7261563679451755
0.7055577196879057
0.7240541960924453
0.7385382357876774
0.7232636953689586
0.7035359555866154
0.7263656913656914
0.7434588152352389
0.7410070018806348
0.7050245498200086
0.7117159496796884
0.7276325224834045
0.7306321508815925
0.7160073214408659
0.7076634003330333
0.7257681093866383
0.7235170591362543
0.7191635450137609
0.7383002782915582
0.7236676056025901
0.717361340413972
0.7236655690852893
0.7088073466784721
0.7218881410716855
0.7139876506112195
0.7120590168566011
0.7228737327259471
0.7148771414956704
0.7139767102275921
0.717256762360027
0.706240452688703
0.7357198163697642
0.7168954716930559
0.7172977287459791
0.7350482215205734
0.7207893774612042
0.7193040112389959
0.7304171500883105
0.7105357418378151
0.7313431275706904
0.7186618367972952
0.6941148068756533
0.7270268883276219
0.716463715829196
0.71486823998228
0.719313375796503
0.7389986263013657
0.691294257411373
0.7078105736427114
0.7362700281904146
0.7028428644803043
0.7209721693240205
0.7104227615910685
0.7079190744813646
0.7049233004728833
0.7007035316119683
0.70540604850934
0.7240655506840795
0.709646101170018
0.7028759856121616
0.7274324883661405
0.7270222780304334
0.7324875513816221
0.7173898248907067
0.6977178271330853
0.6957628511075026
0.7204415986048123
0.7114329465453779
0.7005285246952231
0.7436136233497994
0.735023329390418
0.7109059870910794
0.7170698471106369
0.727774641889348
0.7347624783810073
0.718711215500023
0.7253563300931722
0.7125339138467625
0.7238763377183188
0.7349787027148786
0.7368715611603687
0.7350399521432167
0.700893974537174
0.7163991621323971
0.7208004207254428
0.7263452640164245
0.7059692057667901
0.7083657192480723
0.6913366139988234
0.7260019317381077
0.7147574612057115
0.7213472335665367
0.7159820688342833
0.7412580370455122
0.707268005864656
0.7106556576698052
0.7240541960924453
0.7297776891447778
0.707520832598387
0.7252236075211917
0.7281107048995125
0.7288385543599754
0.7286502138996556
0.7002458838446863
0.7146532417022662
0.7475492654352822
0.7002476600197899
Fator de regularizacao: 0.8999999999999999
0.38552874716224067
0.38552874716224067
0.38552874716224067
0.38552874716224067
0.38552874716224067
0.38552874716224067
0.38552874716224067
0.38552874716224067
0.39028837832812646
0.4603704196155148
0.5110636899341902
0.6098277051800244
0.652991855744621
0.6344402087578521
0.6541526221188143
0.6961556521358001
0.6651755748696948
0.6985782570495424
0.6328129081482748
0.7133718779384415
0.7098188280990225
0.7137963253323871
0.7002467475170986
0.7031766030169756
0.6939959840795222
0.6895332732132372
0.7237684529528792
0.6912189098263353
0.7033595770389836
0.6938999946164441
0.6632009027065143
0.7008163472994745
0.6932442487276255
0.697017481439967
0.6847413626467507
0.7048597228018755
0.6746010525243753
0.6884474191683675
0.7047375450947906
0.6833260676005428
0.6736537626889009
0.6939297718351598
0.7101897915283771
0.7109570456124159
0.7236362256362258
0.71276443083121
0.7254250976109373
0.6983876575681531
0.7149953504150707
0.6920966538308579
0.7005508848253601
0.7150079063099796
0.7187003592411491
0.6984251292769805
0.7161397032638773
0.7052267236448354
0.705929959347681
0.70596920576679
0.7144291731529652
0.7382883652812563
0.7149119168469014
0.7137967145518014
0.6816083829212315
0.712484628407771
0.6983423548362573
0.6930309194509957
0.6782075843543416
0.688514338740293
0.6846673470896982
0.6942502151963929
0.7127304620473355
0.6953820108125065
0.7279029947700835
0.7327033406909569
0.7066050207783435
0.7280453342304266
0.7004723004912113
0.7023892179765416
0.6981726512850827
0.6849376782949237
0.7009690019653949
0.6932767232767233
0.6863038778294033
0.7045643752668503
0.6640481700810753
0.7096900617818745
0.705379362428387
0.6888118449381004
0.7165115697594029
0.6888318338532604
0.6907179651772418
0.7020538185369458
0.7258319313854449
0.705674505966736
0.7163046425328716
0.7126170048379434
0.6764315887771547
0.7167437219486873
0.6814396292184103
0.7285434253322329
0.702620427665328
0.6776521882411475
0.7002580932405187
0.702806146290909
0.724941234308323
0.7029359275682806
0.7147075119284505
0.7094217360113346
0.734603595295295
0.7174168535486481
0.7164433555313827
0.7104556569811823
0.7214753655687869
0.7216824219318636
0.7042192410188239
0.6962059642253922
0.7191010695315652
0.7069157841458626
0.6962439309140248
0.6930476846769889
0.6918675993487547
0.7122094797753771
0.7025973365104423
0.7080979897165187
0.6968425485523837
0.6574045596955118
0.6844714952043136
0.7105416964240494
0.6809814058925399
0.6985007641975003
0.6955565394159221
0.7013236665731082
0.7118423301550992
0.715079575012561
0.7090112626079128
0.7144546641789982
0.7411912999150919
0.7053067220975118
0.6994502092742674
0.6843263797757863
0.6895742696182882
0.7019471131461729
0.692248061605487
0.7051011335228183
0.7120764306387208
0.6935051632076185
0.7019321269259302
0.6966357121350665
0.7077157250812053
0.7047174553952671
0.6817123044239265
0.7134616985669278
0.7034102555946818
0.7085233448668667
0.700792681223177
0.7001863171291361
0.7002834471254282
0.6833668863153974
0.7101936356133558
0.6888461366931604
0.7053675026584002
0.6976805958038026
0.7083867933197793
0.7104160862984393
0.715599773526145
0.7049843744633776
0.698434505218122
0.7205541642208357
0.7025611378105795
0.7123812750632108
0.7038311952794456
0.7150987569667275
0.6959580833195205
0.6966089140172635
0.6987857132750314
0.7052135963802679
0.7205189374509811
0.7103266981440356
0.7000253091986319
0.7069020212301605
0.7274549984631538
0.7214695159690654
0.7095605362909796
0.706677323351081
0.6944242887913775
0.6980916878566449
0.7049703793374681
0.6940821880816298
0.6983150096278582
0.7049679004995351
0.7170713847425452
0.6880705802981432
0.7206480927651815
0.6998516964467381
0.7148386193197479
0.7392390747120927
0.7168205563016847
0.6716105032022007
0.716422624036664
0.6963240157706575
0.7091828669298182
0.6963510524316556
0.7125361893008952
0.7299482076843836
0.7025489864242743
0.7009964000898214
0.6982473222979553
0.7125868999175031
0.7148705154364128
0.7091158528849341
0.7090403619349746
0.7032435606090408
0.7124083037211523
0.7029559325811127
0.6793470793675993
0.7296750443141123
0.7137855232891896
0.6984963176296335
0.7142902978545866
0.7119624693929649
0.7200284466469755
0.7130642738552436
0.7107507560001977
0.7168186641841443
0.6838057605344257
0.7081664746860519
0.7101714514735248
0.7058561515360887
0.7092770389605834
0.7010193541226457
0.6918645491609707
0.7173988817659704
0.7147098910227396
0.7059929461148975
0.7058828376170418
0.6912331965685633
0.7362167483840862
0.7142938904789828
0.707358875955526
0.7146778912659184
0.6743678317554671
0.7107000453835898
0.7031484647669937
0.691567953598148
0.6964826111527052
0.6956472618602948
0.6847480538217487
0.7027097146614852
0.7143421654355867
0.6986263298037766
0.7038132393791366
0.7187625534431568
0.7214455232343309
0.7096045884951778
0.7031328201517311
0.71724703401174
0.7285778905128751
0.7126715436571611
0.7171405919701892
0.6802423228659755
0.6764894898481237
0.7021340823600367
0.6965837913469699
0.7024502593566798
0.7049083193826358
0.7108467454632758
0.7268058053139607
0.7169898432919165
0.6944976877776149
0.7305379182090788
0.7004728609803941
0.7241561401417578
0.7119948052749997
0.7083360985855401
0.7088805563814382
0.7049376975027337
0.7280675183702578
0.7139058645836762
0.7158220541450369
0.702464287373786
0.6957070547576878
0.6842466151503948
0.7101483408845168
0.693457208478635
0.7035292644116173
0.7054138356120859
0.7068217021060474
0.717014596495725
0.7031449712620599
0.7366328809216884
0.7196000499752939
0.6987557103003951
0.7160971205782491
0.7057430973053874
0.688842407133377
0.7095349742880822
0.7144629335563548
0.7213930350248297
0.7085927347245293
0.686035252664557
0.6827237296587143
0.6940376432044227
0.725741080728697
0.6913290294754576
0.7201821152547276
0.6987930247894176
0.6978493320226548
0.7031122483104986
0.7166775476996776
0.6737461570208818
0.7276265285601807
0.7123482196788229
0.6957873860368277
0.6887532495191117
0.7104320309949801
0.7170438745812688
0.7306617715441245
0.6902387794151509
0.7162603336258138
0.6905581118709605
0.7158516530100898
0.6644192169120441
0.6979759191077137
0.6907890140506712
0.6954297709651666
0.7012611061945633
0.7130647835137001
0.705966271185211
0.6993512396647544
0.7211972057637693
0.7075487135451064
0.698658341906175
0.6738024434537073
0.7282870256417304
0.700258016741144
0.7002063610544514
0.7050898337896053
0.7024345507255205
0.7021812694276622
0.7012783718442692
0.7210346853766665
0.7215001466034112
0.7043667540502984
0.7114311068508272
0.7099645811312527
0.7126046054992182
0.7079396248746095
0.7012909277391781
0.7061194281671129
0.7124624999633818
0.713148332764863
0.684216211746501
0.7094968622928379
0.7007803263462237
0.7162381628550831
0.7191966671842833
0.7006668873043271
0.6935983968375001
0.723140137747491
0.7191635450137609
0.6689517018750246
0.7011382889556265
0.7008000844416484
0.7053052599888044
0.703472615091144
0.6869215655739048
0.7034795368062804
0.6856025322318364
0.6954728134473276
0.714405072052131
0.7067487959185431
0.6961071363352161
0.7102865227874047
0.7142879691933572
0.70809741834686
0.7103431582377709
0.7185286641253142
0.703330726225339
0.7184582087060418
0.7172567623600269
0.7125962733432246
0.7144885056203002
0.7105758977603239
0.6943475463982064
0.7247842412632444
0.7008200927416268
0.7001768143758741
0.6953775678834898
0.7217870739715002
0.6962907261653479
0.6861429068898582
0.7127866344051633
0.7076183952257484
0.7085420399902903
0.682323105460714
0.7074903049208006
0.7064335579233363
0.6979845743420707
0.6885776792357646
0.6862679024642602
0.7028756013019728
0.6896992177400075
0.700512209991213
0.7117815430943917
0.6929814835838932
0.710881344055333
0.7023948323627222
0.7365568568062985
0.7189040296402056
0.6974967865130137
0.7088586559639192
0.6987037106189689
0.7016079274902804
0.7143980431962937
0.7024995322019875
0.691022828399084
0.6986287952275977
0.6961123721929754
0.705141513251429
0.7095768939423741
0.7150192609016139
0.6936871921135637
0.7073523978969334
0.7016738826250943
0.7006668873043271
0.7084107058185841
0.6790336604044478
0.7272829933744421
0.6889659840288326
0.7258598123321642
0.7161923047596422
0.6937706256817329
0.7135665894808785
0.7174892749118066
0.6916846033139076
0.7027980259104573
0.6933197855901367
0.7212764887069844
0.6915291867202641
0.7217001413836858
0.7165203651496694
0.712220703565565
0.7071823606369848
0.7164309769952657
0.7243363983870313
0.6946428019734052
0.6955783264606795
0.7072689643287641
0.71412072711712
0.6960816686014614
0.7211487743339479
0.7052537444234647
0.7024502593566798
0.7025160921761492
0.6915351274363913
0.7124952229149433
0.6843827985561213
0.7123102529901901
0.697546440202373
0.6893532674305696
0.7010350910216406
0.6845723679321966
0.6986076471719359
0.740857697996766
0.6696334697445686
0.683587858428231
0.6977948760883614
0.7035218254005712
0.7079814339778269
0.7058435956411799
0.7184741335283943
0.6894642305448337
0.7120337170337171
0.7190973884393695
0.714320613233719
0.7233600172648632
0.709952721361266
0.6634555342051515
0.700545182652428
0.7005979264991904
0.6985639703073144
0.7239345246707007
0.7217961308467638
0.7096500918801703
0.7051263581227509
0.6959806834923408
0.7080437934742891
0.6995153843897273
0.7275365330203265
0.6567932189923867
0.7055906890619743
0.6911879251110677
0.7173481870317314
0.7162401907191938
0.7197241510262243
0.7123621737782868
0.7221097264768152
0.6990406506254786
0.7212015733156132
0.7000744034316488
